1761537096460 0.0258450400390625 0 ab5ba3722c1a4df4ade9312446556116
1761537096460 0.0258450400390625 0 ab5ba3722c1a4df4ade9312446556116
1761537096460 0.0258450400390625 0 ab5ba3722c1a4df4ade9312446556116
1761537096460 0.0258450400390625 0 ab5ba3722c1a4df4ade9312446556116
1761537096460 0.0258450400390625 0 ab5ba3722c1a4df4ade9312446556116
1761537096460 0.0258450400390625 0 ab5ba3722c1a4df4ade9312446556116
1761537096460 0.0258450400390625 0 ab5ba3722c1a4df4ade9312446556116
1761537096460 0.0258450400390625 0 ab5ba3722c1a4df4ade9312446556116
1761537096460 0.0258450400390625 0 ab5ba3722c1a4df4ade9312446556116
1761537096460 0.0258450400390625 0 ab5ba3722c1a4df4ade9312446556116
1761537096460 0.0258450400390625 0 ab5ba3722c1a4df4ade9312446556116
1761537096460 0.0258450400390625 0 ab5ba3722c1a4df4ade9312446556116
1761537096460 0.0258450400390625 0 ab5ba3722c1a4df4ade9312446556116
1761537096460 0.0258450400390625 0 ab5ba3722c1a4df4ade9312446556116
1761537096460 0.0258450400390625 0 ab5ba3722c1a4df4ade9312446556116
1761537096460 0.0258450400390625 0 ab5ba3722c1a4df4ade9312446556116
