1761537519297 0.06794550952582494 0 313f10f7a4c1403788963cea01620581
1761537519297 0.06794550952582494 0 313f10f7a4c1403788963cea01620581
1761537519297 0.06794550952582494 0 313f10f7a4c1403788963cea01620581
1761537519297 0.06794550952582494 0 313f10f7a4c1403788963cea01620581
1761537519297 0.06794550952582494 0 313f10f7a4c1403788963cea01620581
1761537519297 0.06794550952582494 0 313f10f7a4c1403788963cea01620581
1761537519297 0.06794550952582494 0 313f10f7a4c1403788963cea01620581
1761537519297 0.06794550952582494 0 313f10f7a4c1403788963cea01620581
1761537519297 0.06794550952582494 0 313f10f7a4c1403788963cea01620581
1761537519297 0.06794550952582494 0 313f10f7a4c1403788963cea01620581
1761537519297 0.06794550952582494 0 313f10f7a4c1403788963cea01620581
1761537519297 0.06794550952582494 0 313f10f7a4c1403788963cea01620581
1761537519297 0.06794550952582494 0 313f10f7a4c1403788963cea01620581
1761537519297 0.06794550952582494 0 313f10f7a4c1403788963cea01620581
1761537519297 0.06794550952582494 0 313f10f7a4c1403788963cea01620581
1761537519297 0.06794550952582494 0 313f10f7a4c1403788963cea01620581
1761537519297 0.06794550952582494 0 313f10f7a4c1403788963cea01620581
1761537519297 0.06794550952582494 0 313f10f7a4c1403788963cea01620581
1761537519297 0.06794550952582494 0 313f10f7a4c1403788963cea01620581
1761537519297 0.06794550952582494 0 313f10f7a4c1403788963cea01620581
1761537519297 0.06794550952582494 0 313f10f7a4c1403788963cea01620581
1761537519297 0.06794550952582494 0 313f10f7a4c1403788963cea01620581
1761537519297 0.06794550952582494 0 313f10f7a4c1403788963cea01620581
1761537519297 0.06794550952582494 0 313f10f7a4c1403788963cea01620581
1761537519297 0.06794550952582494 0 313f10f7a4c1403788963cea01620581
1761537519297 0.06794550952582494 0 313f10f7a4c1403788963cea01620581
1761537519297 0.06794550952582494 0 313f10f7a4c1403788963cea01620581
1761537519297 0.06794550952582494 0 313f10f7a4c1403788963cea01620581
1761537519297 0.06794550952582494 0 313f10f7a4c1403788963cea01620581
1761537519297 0.06794550952582494 0 313f10f7a4c1403788963cea01620581
1761537519297 0.06794550952582494 0 313f10f7a4c1403788963cea01620581
1761537519297 0.06794550952582494 0 313f10f7a4c1403788963cea01620581
