1761537519280 0.004616592264723968 0 313f10f7a4c1403788963cea01620581
1761537519280 0.004616592264723968 0 313f10f7a4c1403788963cea01620581
1761537519280 0.004616592264723968 0 313f10f7a4c1403788963cea01620581
1761537519280 0.004616592264723968 0 313f10f7a4c1403788963cea01620581
1761537519280 0.004616592264723968 0 313f10f7a4c1403788963cea01620581
1761537519280 0.004616592264723968 0 313f10f7a4c1403788963cea01620581
1761537519280 0.004616592264723968 0 313f10f7a4c1403788963cea01620581
1761537519280 0.004616592264723968 0 313f10f7a4c1403788963cea01620581
1761537519280 0.004616592264723968 0 313f10f7a4c1403788963cea01620581
1761537519280 0.004616592264723968 0 313f10f7a4c1403788963cea01620581
1761537519280 0.004616592264723968 0 313f10f7a4c1403788963cea01620581
1761537519280 0.004616592264723968 0 313f10f7a4c1403788963cea01620581
1761537519280 0.004616592264723968 0 313f10f7a4c1403788963cea01620581
1761537519280 0.004616592264723968 0 313f10f7a4c1403788963cea01620581
1761537519280 0.004616592264723968 0 313f10f7a4c1403788963cea01620581
1761537519280 0.004616592264723968 0 313f10f7a4c1403788963cea01620581
1761537519280 0.004616592264723968 0 313f10f7a4c1403788963cea01620581
1761537519280 0.004616592264723968 0 313f10f7a4c1403788963cea01620581
1761537519280 0.004616592264723968 0 313f10f7a4c1403788963cea01620581
1761537519280 0.004616592264723968 0 313f10f7a4c1403788963cea01620581
1761537519280 0.004616592264723968 0 313f10f7a4c1403788963cea01620581
1761537519280 0.004616592264723968 0 313f10f7a4c1403788963cea01620581
1761537519280 0.004616592264723968 0 313f10f7a4c1403788963cea01620581
1761537519280 0.004616592264723968 0 313f10f7a4c1403788963cea01620581
1761537519280 0.004616592264723968 0 313f10f7a4c1403788963cea01620581
1761537519280 0.004616592264723968 0 313f10f7a4c1403788963cea01620581
1761537519280 0.004616592264723968 0 313f10f7a4c1403788963cea01620581
1761537519280 0.004616592264723968 0 313f10f7a4c1403788963cea01620581
1761537519280 0.004616592264723968 0 313f10f7a4c1403788963cea01620581
1761537519280 0.004616592264723968 0 313f10f7a4c1403788963cea01620581
1761537519280 0.004616592264723968 0 313f10f7a4c1403788963cea01620581
1761537519280 0.004616592264723968 0 313f10f7a4c1403788963cea01620581
