1761537528072 0.8209696604507664 0 313f10f7a4c1403788963cea01620581
1761537528072 0.8209696604507664 0 313f10f7a4c1403788963cea01620581
1761537528072 0.8209696604507664 0 313f10f7a4c1403788963cea01620581
1761537528072 0.8209696604507664 0 313f10f7a4c1403788963cea01620581
1761537528072 0.8209696604507664 0 313f10f7a4c1403788963cea01620581
1761537528072 0.8209696604507664 0 313f10f7a4c1403788963cea01620581
1761537528072 0.8209696604507664 0 313f10f7a4c1403788963cea01620581
1761537528072 0.8209696604507664 0 313f10f7a4c1403788963cea01620581
1761537528072 0.8209696604507664 0 313f10f7a4c1403788963cea01620581
1761537528072 0.8209696604507664 0 313f10f7a4c1403788963cea01620581
1761537528072 0.8209696604507664 0 313f10f7a4c1403788963cea01620581
1761537528072 0.8209696604507664 0 313f10f7a4c1403788963cea01620581
1761537528072 0.8209696604507664 0 313f10f7a4c1403788963cea01620581
1761537528072 0.8209696604507664 0 313f10f7a4c1403788963cea01620581
1761537528072 0.8209696604507664 0 313f10f7a4c1403788963cea01620581
1761537528072 0.8209696604507664 0 313f10f7a4c1403788963cea01620581
