1761537528070 0.06799385852566492 0 313f10f7a4c1403788963cea01620581
1761537528070 0.06799385852566492 0 313f10f7a4c1403788963cea01620581
1761537528070 0.06799385852566492 0 313f10f7a4c1403788963cea01620581
1761537528070 0.06799385852566492 0 313f10f7a4c1403788963cea01620581
1761537528070 0.06799385852566492 0 313f10f7a4c1403788963cea01620581
1761537528070 0.06799385852566492 0 313f10f7a4c1403788963cea01620581
1761537528070 0.06799385852566492 0 313f10f7a4c1403788963cea01620581
1761537528070 0.06799385852566492 0 313f10f7a4c1403788963cea01620581
1761537528070 0.06799385852566492 0 313f10f7a4c1403788963cea01620581
1761537528070 0.06799385852566492 0 313f10f7a4c1403788963cea01620581
1761537528070 0.06799385852566492 0 313f10f7a4c1403788963cea01620581
1761537528070 0.06799385852566492 0 313f10f7a4c1403788963cea01620581
1761537528070 0.06799385852566492 0 313f10f7a4c1403788963cea01620581
1761537528070 0.06799385852566492 0 313f10f7a4c1403788963cea01620581
1761537528070 0.06799385852566492 0 313f10f7a4c1403788963cea01620581
1761537528070 0.06799385852566492 0 313f10f7a4c1403788963cea01620581
