1761537541241 0.801391061266598 0
1761537541241 0.801391061266598 0
1761537541241 0.801391061266598 0
1761537541241 0.801391061266598 0
1761537541241 0.801391061266598 0
1761537541241 0.801391061266598 0
1761537541241 0.801391061266598 0
1761537541241 0.801391061266598 0
1761537541241 0.801391061266598 0
1761537541241 0.801391061266598 0
1761537541241 0.801391061266598 0
1761537541241 0.801391061266598 0
1761537541241 0.801391061266598 0
1761537541241 0.801391061266598 0
1761537541241 0.801391061266598 0
1761537541241 0.801391061266598 0
