1761537541220 0.005128749999999999 0
1761537541220 0.005128749999999999 0
1761537541220 0.005128749999999999 0
1761537541220 0.005128749999999999 0
1761537541220 0.005128749999999999 0
1761537541220 0.005128749999999999 0
1761537541220 0.005128749999999999 0
1761537541220 0.005128749999999999 0
1761537541220 0.005128749999999999 0
1761537541220 0.005128749999999999 0
1761537541220 0.005128749999999999 0
1761537541220 0.005128749999999999 0
1761537541220 0.005128749999999999 0
1761537541220 0.005128749999999999 0
1761537541220 0.005128749999999999 0
1761537541220 0.005128749999999999 0
