1761537541220 0.048874999999999995 0
1761537541220 0.048874999999999995 0
1761537541220 0.048874999999999995 0
1761537541220 0.048874999999999995 0
1761537541220 0.048874999999999995 0
1761537541220 0.048874999999999995 0
1761537541220 0.048874999999999995 0
1761537541220 0.048874999999999995 0
1761537541220 0.048874999999999995 0
1761537541220 0.048874999999999995 0
1761537541220 0.048874999999999995 0
1761537541220 0.048874999999999995 0
1761537541220 0.048874999999999995 0
1761537541220 0.048874999999999995 0
1761537541220 0.048874999999999995 0
1761537541220 0.048874999999999995 0
