1761537541235 0.07161529166316366 0
1761537541235 0.07161529166316366 0
1761537541235 0.07161529166316366 0
1761537541235 0.07161529166316366 0
1761537541235 0.07161529166316366 0
1761537541235 0.07161529166316366 0
1761537541235 0.07161529166316366 0
1761537541235 0.07161529166316366 0
1761537541235 0.07161529166316366 0
1761537541235 0.07161529166316366 0
1761537541235 0.07161529166316366 0
1761537541235 0.07161529166316366 0
1761537541235 0.07161529166316366 0
1761537541235 0.07161529166316366 0
1761537541235 0.07161529166316366 0
1761537541235 0.07161529166316366 0
