1761537534504 0.0258450400390625 0
1761537534504 0.0258450400390625 0
1761537534504 0.0258450400390625 0
1761537534504 0.0258450400390625 0
1761537534504 0.0258450400390625 0
1761537534504 0.0258450400390625 0
1761537534504 0.0258450400390625 0
1761537534504 0.0258450400390625 0
1761537534504 0.0258450400390625 0
1761537534504 0.0258450400390625 0
1761537534504 0.0258450400390625 0
1761537534504 0.0258450400390625 0
1761537534504 0.0258450400390625 0
1761537534504 0.0258450400390625 0
1761537534504 0.0258450400390625 0
1761537534504 0.0258450400390625 0
1761537534504 0.0258450400390625 0
1761537534504 0.0258450400390625 0
1761537534504 0.0258450400390625 0
1761537534504 0.0258450400390625 0
1761537534504 0.0258450400390625 0
1761537534504 0.0258450400390625 0
1761537534504 0.0258450400390625 0
1761537534504 0.0258450400390625 0
1761537534504 0.0258450400390625 0
1761537534504 0.0258450400390625 0
1761537534504 0.0258450400390625 0
1761537534504 0.0258450400390625 0
1761537534504 0.0258450400390625 0
1761537534504 0.0258450400390625 0
1761537534504 0.0258450400390625 0
1761537534504 0.0258450400390625 0
