1761537534511 0.16076392642338175 0
1761537534511 0.16076392642338175 0
1761537534511 0.16076392642338175 0
1761537534511 0.16076392642338175 0
1761537534511 0.16076392642338175 0
1761537534511 0.16076392642338175 0
1761537534511 0.16076392642338175 0
1761537534511 0.16076392642338175 0
1761537534511 0.16076392642338175 0
1761537534511 0.16076392642338175 0
1761537534511 0.16076392642338175 0
1761537534511 0.16076392642338175 0
1761537534511 0.16076392642338175 0
1761537534511 0.16076392642338175 0
1761537534511 0.16076392642338175 0
1761537534511 0.16076392642338175 0
1761537534511 0.16076392642338175 0
1761537534511 0.16076392642338175 0
1761537534511 0.16076392642338175 0
1761537534511 0.16076392642338175 0
1761537534511 0.16076392642338175 0
1761537534511 0.16076392642338175 0
1761537534511 0.16076392642338175 0
1761537534511 0.16076392642338175 0
1761537534511 0.16076392642338175 0
1761537534511 0.16076392642338175 0
1761537534511 0.16076392642338175 0
1761537534511 0.16076392642338175 0
1761537534511 0.16076392642338175 0
1761537534511 0.16076392642338175 0
1761537534511 0.16076392642338175 0
1761537534511 0.16076392642338175 0
