1761537534514 -0.0008395756627810336 0
1761537534514 -0.0008395756627810336 0
1761537534514 -0.0008395756627810336 0
1761537534514 -0.0008395756627810336 0
1761537534514 -0.0008395756627810336 0
1761537534514 -0.0008395756627810336 0
1761537534514 -0.0008395756627810336 0
1761537534514 -0.0008395756627810336 0
1761537534514 -0.0008395756627810336 0
1761537534514 -0.0008395756627810336 0
1761537534514 -0.0008395756627810336 0
1761537534514 -0.0008395756627810336 0
1761537534514 -0.0008395756627810336 0
1761537534514 -0.0008395756627810336 0
1761537534514 -0.0008395756627810336 0
1761537534514 -0.0008395756627810336 0
1761537534514 -0.0008395756627810336 0
1761537534514 -0.0008395756627810336 0
1761537534514 -0.0008395756627810336 0
1761537534514 -0.0008395756627810336 0
1761537534514 -0.0008395756627810336 0
1761537534514 -0.0008395756627810336 0
1761537534514 -0.0008395756627810336 0
1761537534514 -0.0008395756627810336 0
1761537534514 -0.0008395756627810336 0
1761537534514 -0.0008395756627810336 0
1761537534514 -0.0008395756627810336 0
1761537534514 -0.0008395756627810336 0
1761537534514 -0.0008395756627810336 0
1761537534514 -0.0008395756627810336 0
1761537534514 -0.0008395756627810336 0
1761537534514 -0.0008395756627810336 0
