1761537534486 0.13125703125000002 0
1761537534486 0.13125703125000002 0
1761537534486 0.13125703125000002 0
1761537534486 0.13125703125000002 0
1761537534486 0.13125703125000002 0
1761537534486 0.13125703125000002 0
1761537534486 0.13125703125000002 0
1761537534486 0.13125703125000002 0
1761537534486 0.13125703125000002 0
1761537534486 0.13125703125000002 0
1761537534486 0.13125703125000002 0
1761537534486 0.13125703125000002 0
1761537534486 0.13125703125000002 0
1761537534486 0.13125703125000002 0
1761537534486 0.13125703125000002 0
1761537534486 0.13125703125000002 0
1761537534486 0.13125703125000002 0
1761537534486 0.13125703125000002 0
1761537534486 0.13125703125000002 0
1761537534486 0.13125703125000002 0
1761537534486 0.13125703125000002 0
1761537534486 0.13125703125000002 0
1761537534486 0.13125703125000002 0
1761537534486 0.13125703125000002 0
1761537534486 0.13125703125000002 0
1761537534486 0.13125703125000002 0
1761537534486 0.13125703125000002 0
1761537534486 0.13125703125000002 0
1761537534486 0.13125703125000002 0
1761537534486 0.13125703125000002 0
1761537534486 0.13125703125000002 0
1761537534486 0.13125703125000002 0
