1761537528052 0.04996669895584707 0
1761537528052 0.04996669895584707 0
1761537528052 0.04996669895584707 0
1761537528052 0.04996669895584707 0
1761537528052 0.04996669895584707 0
1761537528052 0.04996669895584707 0
1761537528052 0.04996669895584707 0
1761537528052 0.04996669895584707 0
1761537528052 0.04996669895584707 0
1761537528052 0.04996669895584707 0
1761537528052 0.04996669895584707 0
1761537528052 0.04996669895584707 0
1761537528052 0.04996669895584707 0
1761537528052 0.04996669895584707 0
1761537528052 0.04996669895584707 0
1761537528052 0.04996669895584707 0
1761537528052 0.04996669895584707 0
1761537528052 0.04996669895584707 0
1761537528052 0.04996669895584707 0
1761537528052 0.04996669895584707 0
1761537528052 0.04996669895584707 0
1761537528052 0.04996669895584707 0
1761537528052 0.04996669895584707 0
1761537528052 0.04996669895584707 0
1761537528052 0.04996669895584707 0
1761537528052 0.04996669895584707 0
1761537528052 0.04996669895584707 0
1761537528052 0.04996669895584707 0
1761537528052 0.04996669895584707 0
1761537528052 0.04996669895584707 0
1761537528052 0.04996669895584707 0
1761537528052 0.04996669895584707 0
1761537528052 0.04996669895584707 0
1761537528052 0.04996669895584707 0
1761537528052 0.04996669895584707 0
1761537528052 0.04996669895584707 0
1761537528052 0.04996669895584707 0
1761537528052 0.04996669895584707 0
1761537528052 0.04996669895584707 0
1761537528052 0.04996669895584707 0
1761537528052 0.04996669895584707 0
1761537528052 0.04996669895584707 0
1761537528052 0.04996669895584707 0
1761537528052 0.04996669895584707 0
1761537528052 0.04996669895584707 0
1761537528052 0.04996669895584707 0
1761537528052 0.04996669895584707 0
1761537528052 0.04996669895584707 0
1761537528052 0.04996669895584707 0
1761537528052 0.04996669895584707 0
1761537528052 0.04996669895584707 0
1761537528052 0.04996669895584707 0
1761537528052 0.04996669895584707 0
1761537528052 0.04996669895584707 0
1761537528052 0.04996669895584707 0
1761537528052 0.04996669895584707 0
1761537528052 0.04996669895584707 0
1761537528052 0.04996669895584707 0
1761537528052 0.04996669895584707 0
1761537528052 0.04996669895584707 0
1761537528052 0.04996669895584707 0
1761537528052 0.04996669895584707 0
1761537528052 0.04996669895584707 0
1761537528052 0.04996669895584707 0
