1761537528054 0.004623164797208136 0
1761537528054 0.004623164797208136 0
1761537528054 0.004623164797208136 0
1761537528054 0.004623164797208136 0
1761537528054 0.004623164797208136 0
1761537528054 0.004623164797208136 0
1761537528054 0.004623164797208136 0
1761537528054 0.004623164797208136 0
1761537528054 0.004623164797208136 0
1761537528054 0.004623164797208136 0
1761537528054 0.004623164797208136 0
1761537528054 0.004623164797208136 0
1761537528054 0.004623164797208136 0
1761537528054 0.004623164797208136 0
1761537528054 0.004623164797208136 0
1761537528054 0.004623164797208136 0
1761537528054 0.004623164797208136 0
1761537528054 0.004623164797208136 0
1761537528054 0.004623164797208136 0
1761537528054 0.004623164797208136 0
1761537528054 0.004623164797208136 0
1761537528054 0.004623164797208136 0
1761537528054 0.004623164797208136 0
1761537528054 0.004623164797208136 0
1761537528054 0.004623164797208136 0
1761537528054 0.004623164797208136 0
1761537528054 0.004623164797208136 0
1761537528054 0.004623164797208136 0
1761537528054 0.004623164797208136 0
1761537528054 0.004623164797208136 0
1761537528054 0.004623164797208136 0
1761537528054 0.004623164797208136 0
1761537528054 0.004623164797208136 0
1761537528054 0.004623164797208136 0
1761537528054 0.004623164797208136 0
1761537528054 0.004623164797208136 0
1761537528054 0.004623164797208136 0
1761537528054 0.004623164797208136 0
1761537528054 0.004623164797208136 0
1761537528054 0.004623164797208136 0
1761537528054 0.004623164797208136 0
1761537528054 0.004623164797208136 0
1761537528054 0.004623164797208136 0
1761537528054 0.004623164797208136 0
1761537528054 0.004623164797208136 0
1761537528054 0.004623164797208136 0
1761537528054 0.004623164797208136 0
1761537528054 0.004623164797208136 0
1761537528054 0.004623164797208136 0
1761537528054 0.004623164797208136 0
1761537528054 0.004623164797208136 0
1761537528054 0.004623164797208136 0
1761537528054 0.004623164797208136 0
1761537528054 0.004623164797208136 0
1761537528054 0.004623164797208136 0
1761537528054 0.004623164797208136 0
1761537528054 0.004623164797208136 0
1761537528054 0.004623164797208136 0
1761537528054 0.004623164797208136 0
1761537528054 0.004623164797208136 0
1761537528054 0.004623164797208136 0
1761537528054 0.004623164797208136 0
1761537528054 0.004623164797208136 0
1761537528054 0.004623164797208136 0
