1761537528070 0.06799385852566492 0
1761537528070 0.06799385852566492 0
1761537528070 0.06799385852566492 0
1761537528070 0.06799385852566492 0
1761537528070 0.06799385852566492 0
1761537528070 0.06799385852566492 0
1761537528070 0.06799385852566492 0
1761537528070 0.06799385852566492 0
1761537528070 0.06799385852566492 0
1761537528070 0.06799385852566492 0
1761537528070 0.06799385852566492 0
1761537528070 0.06799385852566492 0
1761537528070 0.06799385852566492 0
1761537528070 0.06799385852566492 0
1761537528070 0.06799385852566492 0
1761537528070 0.06799385852566492 0
1761537528070 0.06799385852566492 0
1761537528070 0.06799385852566492 0
1761537528070 0.06799385852566492 0
1761537528070 0.06799385852566492 0
1761537528070 0.06799385852566492 0
1761537528070 0.06799385852566492 0
1761537528070 0.06799385852566492 0
1761537528070 0.06799385852566492 0
1761537528070 0.06799385852566492 0
1761537528070 0.06799385852566492 0
1761537528070 0.06799385852566492 0
1761537528070 0.06799385852566492 0
1761537528070 0.06799385852566492 0
1761537528070 0.06799385852566492 0
1761537528070 0.06799385852566492 0
1761537528070 0.06799385852566492 0
1761537528070 0.06799385852566492 0
1761537528070 0.06799385852566492 0
1761537528070 0.06799385852566492 0
1761537528070 0.06799385852566492 0
1761537528070 0.06799385852566492 0
1761537528070 0.06799385852566492 0
1761537528070 0.06799385852566492 0
1761537528070 0.06799385852566492 0
1761537528070 0.06799385852566492 0
1761537528070 0.06799385852566492 0
1761537528070 0.06799385852566492 0
1761537528070 0.06799385852566492 0
1761537528070 0.06799385852566492 0
1761537528070 0.06799385852566492 0
1761537528070 0.06799385852566492 0
1761537528070 0.06799385852566492 0
1761537528070 0.06799385852566492 0
1761537528070 0.06799385852566492 0
1761537528070 0.06799385852566492 0
1761537528070 0.06799385852566492 0
1761537528070 0.06799385852566492 0
1761537528070 0.06799385852566492 0
1761537528070 0.06799385852566492 0
1761537528070 0.06799385852566492 0
1761537528070 0.06799385852566492 0
1761537528070 0.06799385852566492 0
1761537528070 0.06799385852566492 0
1761537528070 0.06799385852566492 0
1761537528070 0.06799385852566492 0
1761537528070 0.06799385852566492 0
1761537528070 0.06799385852566492 0
1761537528070 0.06799385852566492 0
