1761537528072 0.8209696604507664 0
1761537528072 0.8209696604507664 0
1761537528072 0.8209696604507664 0
1761537528072 0.8209696604507664 0
1761537528072 0.8209696604507664 0
1761537528072 0.8209696604507664 0
1761537528072 0.8209696604507664 0
1761537528072 0.8209696604507664 0
1761537528072 0.8209696604507664 0
1761537528072 0.8209696604507664 0
1761537528072 0.8209696604507664 0
1761537528072 0.8209696604507664 0
1761537528072 0.8209696604507664 0
1761537528072 0.8209696604507664 0
1761537528072 0.8209696604507664 0
1761537528072 0.8209696604507664 0
1761537528072 0.8209696604507664 0
1761537528072 0.8209696604507664 0
1761537528072 0.8209696604507664 0
1761537528072 0.8209696604507664 0
1761537528072 0.8209696604507664 0
1761537528072 0.8209696604507664 0
1761537528072 0.8209696604507664 0
1761537528072 0.8209696604507664 0
1761537528072 0.8209696604507664 0
1761537528072 0.8209696604507664 0
1761537528072 0.8209696604507664 0
1761537528072 0.8209696604507664 0
1761537528072 0.8209696604507664 0
1761537528072 0.8209696604507664 0
1761537528072 0.8209696604507664 0
1761537528072 0.8209696604507664 0
1761537528072 0.8209696604507664 0
1761537528072 0.8209696604507664 0
1761537528072 0.8209696604507664 0
1761537528072 0.8209696604507664 0
1761537528072 0.8209696604507664 0
1761537528072 0.8209696604507664 0
1761537528072 0.8209696604507664 0
1761537528072 0.8209696604507664 0
1761537528072 0.8209696604507664 0
1761537528072 0.8209696604507664 0
1761537528072 0.8209696604507664 0
1761537528072 0.8209696604507664 0
1761537528072 0.8209696604507664 0
1761537528072 0.8209696604507664 0
1761537528072 0.8209696604507664 0
1761537528072 0.8209696604507664 0
1761537528072 0.8209696604507664 0
1761537528072 0.8209696604507664 0
1761537528072 0.8209696604507664 0
1761537528072 0.8209696604507664 0
1761537528072 0.8209696604507664 0
1761537528072 0.8209696604507664 0
1761537528072 0.8209696604507664 0
1761537528072 0.8209696604507664 0
1761537528072 0.8209696604507664 0
1761537528072 0.8209696604507664 0
1761537528072 0.8209696604507664 0
1761537528072 0.8209696604507664 0
1761537528072 0.8209696604507664 0
1761537528072 0.8209696604507664 0
1761537528072 0.8209696604507664 0
1761537528072 0.8209696604507664 0
