1761537102778 0.801391061266598 0
1761537102778 0.801391061266598 0
1761537102778 0.801391061266598 0
1761537102778 0.801391061266598 0
1761537102778 0.801391061266598 0
1761537102778 0.801391061266598 0
1761537102778 0.801391061266598 0
1761537102778 0.801391061266598 0
1761537102778 0.801391061266598 0
1761537102778 0.801391061266598 0
1761537102778 0.801391061266598 0
1761537102778 0.801391061266598 0
1761537102778 0.801391061266598 0
1761537102778 0.801391061266598 0
1761537102778 0.801391061266598 0
1761537102778 0.801391061266598 0
