1761537102766 0.005128749999999999 0
1761537102766 0.005128749999999999 0
1761537102766 0.005128749999999999 0
1761537102766 0.005128749999999999 0
1761537102766 0.005128749999999999 0
1761537102766 0.005128749999999999 0
1761537102766 0.005128749999999999 0
1761537102766 0.005128749999999999 0
1761537102766 0.005128749999999999 0
1761537102766 0.005128749999999999 0
1761537102766 0.005128749999999999 0
1761537102766 0.005128749999999999 0
1761537102766 0.005128749999999999 0
1761537102766 0.005128749999999999 0
1761537102766 0.005128749999999999 0
1761537102766 0.005128749999999999 0
