1761537102772 0.07161529166316366 0
1761537102772 0.07161529166316366 0
1761537102772 0.07161529166316366 0
1761537102772 0.07161529166316366 0
1761537102772 0.07161529166316366 0
1761537102772 0.07161529166316366 0
1761537102772 0.07161529166316366 0
1761537102772 0.07161529166316366 0
1761537102772 0.07161529166316366 0
1761537102772 0.07161529166316366 0
1761537102772 0.07161529166316366 0
1761537102772 0.07161529166316366 0
1761537102772 0.07161529166316366 0
1761537102772 0.07161529166316366 0
1761537102772 0.07161529166316366 0
1761537102772 0.07161529166316366 0
