1761537102761 0.048874999999999995 0
1761537102761 0.048874999999999995 0
1761537102761 0.048874999999999995 0
1761537102761 0.048874999999999995 0
1761537102761 0.048874999999999995 0
1761537102761 0.048874999999999995 0
1761537102761 0.048874999999999995 0
1761537102761 0.048874999999999995 0
1761537102761 0.048874999999999995 0
1761537102761 0.048874999999999995 0
1761537102761 0.048874999999999995 0
1761537102761 0.048874999999999995 0
1761537102761 0.048874999999999995 0
1761537102761 0.048874999999999995 0
1761537102761 0.048874999999999995 0
1761537102761 0.048874999999999995 0
