1761537096460 0.0258450400390625 0
1761537096460 0.0258450400390625 0
1761537096460 0.0258450400390625 0
1761537096460 0.0258450400390625 0
1761537096460 0.0258450400390625 0
1761537096460 0.0258450400390625 0
1761537096460 0.0258450400390625 0
1761537096460 0.0258450400390625 0
1761537096460 0.0258450400390625 0
1761537096460 0.0258450400390625 0
1761537096460 0.0258450400390625 0
1761537096460 0.0258450400390625 0
1761537096460 0.0258450400390625 0
1761537096460 0.0258450400390625 0
1761537096460 0.0258450400390625 0
1761537096460 0.0258450400390625 0
1761537096460 0.0258450400390625 0
1761537096460 0.0258450400390625 0
1761537096460 0.0258450400390625 0
1761537096460 0.0258450400390625 0
1761537096460 0.0258450400390625 0
1761537096460 0.0258450400390625 0
1761537096460 0.0258450400390625 0
1761537096460 0.0258450400390625 0
1761537096460 0.0258450400390625 0
1761537096460 0.0258450400390625 0
1761537096460 0.0258450400390625 0
1761537096460 0.0258450400390625 0
1761537096460 0.0258450400390625 0
1761537096460 0.0258450400390625 0
1761537096460 0.0258450400390625 0
1761537096460 0.0258450400390625 0
