1761537096455 0.13125703125000002 0
1761537096455 0.13125703125000002 0
1761537096455 0.13125703125000002 0
1761537096455 0.13125703125000002 0
1761537096455 0.13125703125000002 0
1761537096455 0.13125703125000002 0
1761537096455 0.13125703125000002 0
1761537096455 0.13125703125000002 0
1761537096455 0.13125703125000002 0
1761537096455 0.13125703125000002 0
1761537096455 0.13125703125000002 0
1761537096455 0.13125703125000002 0
1761537096455 0.13125703125000002 0
1761537096455 0.13125703125000002 0
1761537096455 0.13125703125000002 0
1761537096455 0.13125703125000002 0
1761537096455 0.13125703125000002 0
1761537096455 0.13125703125000002 0
1761537096455 0.13125703125000002 0
1761537096455 0.13125703125000002 0
1761537096455 0.13125703125000002 0
1761537096455 0.13125703125000002 0
1761537096455 0.13125703125000002 0
1761537096455 0.13125703125000002 0
1761537096455 0.13125703125000002 0
1761537096455 0.13125703125000002 0
1761537096455 0.13125703125000002 0
1761537096455 0.13125703125000002 0
1761537096455 0.13125703125000002 0
1761537096455 0.13125703125000002 0
1761537096455 0.13125703125000002 0
1761537096455 0.13125703125000002 0
