1761537096474 -0.0008395756627810336 0
1761537096474 -0.0008395756627810336 0
1761537096474 -0.0008395756627810336 0
1761537096474 -0.0008395756627810336 0
1761537096474 -0.0008395756627810336 0
1761537096474 -0.0008395756627810336 0
1761537096474 -0.0008395756627810336 0
1761537096474 -0.0008395756627810336 0
1761537096474 -0.0008395756627810336 0
1761537096474 -0.0008395756627810336 0
1761537096474 -0.0008395756627810336 0
1761537096474 -0.0008395756627810336 0
1761537096474 -0.0008395756627810336 0
1761537096474 -0.0008395756627810336 0
1761537096474 -0.0008395756627810336 0
1761537096474 -0.0008395756627810336 0
1761537096474 -0.0008395756627810336 0
1761537096474 -0.0008395756627810336 0
1761537096474 -0.0008395756627810336 0
1761537096474 -0.0008395756627810336 0
1761537096474 -0.0008395756627810336 0
1761537096474 -0.0008395756627810336 0
1761537096474 -0.0008395756627810336 0
1761537096474 -0.0008395756627810336 0
1761537096474 -0.0008395756627810336 0
1761537096474 -0.0008395756627810336 0
1761537096474 -0.0008395756627810336 0
1761537096474 -0.0008395756627810336 0
1761537096474 -0.0008395756627810336 0
1761537096474 -0.0008395756627810336 0
1761537096474 -0.0008395756627810336 0
1761537096474 -0.0008395756627810336 0
