1761537090568 0.004623164797208136 0
1761537090568 0.004623164797208136 0
1761537090568 0.004623164797208136 0
1761537090568 0.004623164797208136 0
1761537090568 0.004623164797208136 0
1761537090568 0.004623164797208136 0
1761537090568 0.004623164797208136 0
1761537090568 0.004623164797208136 0
1761537090568 0.004623164797208136 0
1761537090568 0.004623164797208136 0
1761537090568 0.004623164797208136 0
1761537090568 0.004623164797208136 0
1761537090568 0.004623164797208136 0
1761537090568 0.004623164797208136 0
1761537090568 0.004623164797208136 0
1761537090568 0.004623164797208136 0
1761537090568 0.004623164797208136 0
1761537090568 0.004623164797208136 0
1761537090568 0.004623164797208136 0
1761537090568 0.004623164797208136 0
1761537090568 0.004623164797208136 0
1761537090568 0.004623164797208136 0
1761537090568 0.004623164797208136 0
1761537090568 0.004623164797208136 0
1761537090568 0.004623164797208136 0
1761537090568 0.004623164797208136 0
1761537090568 0.004623164797208136 0
1761537090568 0.004623164797208136 0
1761537090568 0.004623164797208136 0
1761537090568 0.004623164797208136 0
1761537090568 0.004623164797208136 0
1761537090568 0.004623164797208136 0
1761537090568 0.004623164797208136 0
1761537090568 0.004623164797208136 0
1761537090568 0.004623164797208136 0
1761537090568 0.004623164797208136 0
1761537090568 0.004623164797208136 0
1761537090568 0.004623164797208136 0
1761537090568 0.004623164797208136 0
1761537090568 0.004623164797208136 0
1761537090568 0.004623164797208136 0
1761537090568 0.004623164797208136 0
1761537090568 0.004623164797208136 0
1761537090568 0.004623164797208136 0
1761537090568 0.004623164797208136 0
1761537090568 0.004623164797208136 0
1761537090568 0.004623164797208136 0
1761537090568 0.004623164797208136 0
1761537090568 0.004623164797208136 0
1761537090568 0.004623164797208136 0
1761537090568 0.004623164797208136 0
1761537090568 0.004623164797208136 0
1761537090568 0.004623164797208136 0
1761537090568 0.004623164797208136 0
1761537090568 0.004623164797208136 0
1761537090568 0.004623164797208136 0
1761537090568 0.004623164797208136 0
1761537090568 0.004623164797208136 0
1761537090568 0.004623164797208136 0
1761537090568 0.004623164797208136 0
1761537090568 0.004623164797208136 0
1761537090568 0.004623164797208136 0
1761537090568 0.004623164797208136 0
1761537090568 0.004623164797208136 0
