1761537090568 0.06799385852566492 0
1761537090568 0.06799385852566492 0
1761537090568 0.06799385852566492 0
1761537090568 0.06799385852566492 0
1761537090568 0.06799385852566492 0
1761537090568 0.06799385852566492 0
1761537090568 0.06799385852566492 0
1761537090568 0.06799385852566492 0
1761537090568 0.06799385852566492 0
1761537090568 0.06799385852566492 0
1761537090568 0.06799385852566492 0
1761537090568 0.06799385852566492 0
1761537090568 0.06799385852566492 0
1761537090568 0.06799385852566492 0
1761537090568 0.06799385852566492 0
1761537090568 0.06799385852566492 0
1761537090568 0.06799385852566492 0
1761537090568 0.06799385852566492 0
1761537090568 0.06799385852566492 0
1761537090568 0.06799385852566492 0
1761537090568 0.06799385852566492 0
1761537090568 0.06799385852566492 0
1761537090568 0.06799385852566492 0
1761537090568 0.06799385852566492 0
1761537090568 0.06799385852566492 0
1761537090568 0.06799385852566492 0
1761537090568 0.06799385852566492 0
1761537090568 0.06799385852566492 0
1761537090568 0.06799385852566492 0
1761537090568 0.06799385852566492 0
1761537090568 0.06799385852566492 0
1761537090568 0.06799385852566492 0
1761537090568 0.06799385852566492 0
1761537090568 0.06799385852566492 0
1761537090568 0.06799385852566492 0
1761537090568 0.06799385852566492 0
1761537090568 0.06799385852566492 0
1761537090568 0.06799385852566492 0
1761537090568 0.06799385852566492 0
1761537090568 0.06799385852566492 0
1761537090568 0.06799385852566492 0
1761537090568 0.06799385852566492 0
1761537090568 0.06799385852566492 0
1761537090568 0.06799385852566492 0
1761537090568 0.06799385852566492 0
1761537090568 0.06799385852566492 0
1761537090568 0.06799385852566492 0
1761537090568 0.06799385852566492 0
1761537090568 0.06799385852566492 0
1761537090568 0.06799385852566492 0
1761537090568 0.06799385852566492 0
1761537090568 0.06799385852566492 0
1761537090568 0.06799385852566492 0
1761537090568 0.06799385852566492 0
1761537090568 0.06799385852566492 0
1761537090568 0.06799385852566492 0
1761537090568 0.06799385852566492 0
1761537090568 0.06799385852566492 0
1761537090568 0.06799385852566492 0
1761537090568 0.06799385852566492 0
1761537090568 0.06799385852566492 0
1761537090568 0.06799385852566492 0
1761537090568 0.06799385852566492 0
1761537090568 0.06799385852566492 0
