1761537090563 0.04996669895584707 0
1761537090563 0.04996669895584707 0
1761537090563 0.04996669895584707 0
1761537090563 0.04996669895584707 0
1761537090563 0.04996669895584707 0
1761537090563 0.04996669895584707 0
1761537090563 0.04996669895584707 0
1761537090563 0.04996669895584707 0
1761537090563 0.04996669895584707 0
1761537090563 0.04996669895584707 0
1761537090563 0.04996669895584707 0
1761537090563 0.04996669895584707 0
1761537090563 0.04996669895584707 0
1761537090563 0.04996669895584707 0
1761537090563 0.04996669895584707 0
1761537090563 0.04996669895584707 0
1761537090563 0.04996669895584707 0
1761537090563 0.04996669895584707 0
1761537090563 0.04996669895584707 0
1761537090563 0.04996669895584707 0
1761537090563 0.04996669895584707 0
1761537090563 0.04996669895584707 0
1761537090563 0.04996669895584707 0
1761537090563 0.04996669895584707 0
1761537090563 0.04996669895584707 0
1761537090563 0.04996669895584707 0
1761537090563 0.04996669895584707 0
1761537090563 0.04996669895584707 0
1761537090563 0.04996669895584707 0
1761537090563 0.04996669895584707 0
1761537090563 0.04996669895584707 0
1761537090563 0.04996669895584707 0
1761537090563 0.04996669895584707 0
1761537090563 0.04996669895584707 0
1761537090563 0.04996669895584707 0
1761537090563 0.04996669895584707 0
1761537090563 0.04996669895584707 0
1761537090563 0.04996669895584707 0
1761537090563 0.04996669895584707 0
1761537090563 0.04996669895584707 0
1761537090563 0.04996669895584707 0
1761537090563 0.04996669895584707 0
1761537090563 0.04996669895584707 0
1761537090563 0.04996669895584707 0
1761537090563 0.04996669895584707 0
1761537090563 0.04996669895584707 0
1761537090563 0.04996669895584707 0
1761537090563 0.04996669895584707 0
1761537090563 0.04996669895584707 0
1761537090563 0.04996669895584707 0
1761537090563 0.04996669895584707 0
1761537090563 0.04996669895584707 0
1761537090563 0.04996669895584707 0
1761537090563 0.04996669895584707 0
1761537090563 0.04996669895584707 0
1761537090563 0.04996669895584707 0
1761537090563 0.04996669895584707 0
1761537090563 0.04996669895584707 0
1761537090563 0.04996669895584707 0
1761537090563 0.04996669895584707 0
1761537090563 0.04996669895584707 0
1761537090563 0.04996669895584707 0
1761537090563 0.04996669895584707 0
1761537090563 0.04996669895584707 0
