1761537090568 0.8209696604507664 0
1761537090568 0.8209696604507664 0
1761537090568 0.8209696604507664 0
1761537090568 0.8209696604507664 0
1761537090568 0.8209696604507664 0
1761537090568 0.8209696604507664 0
1761537090568 0.8209696604507664 0
1761537090568 0.8209696604507664 0
1761537090568 0.8209696604507664 0
1761537090568 0.8209696604507664 0
1761537090568 0.8209696604507664 0
1761537090568 0.8209696604507664 0
1761537090568 0.8209696604507664 0
1761537090568 0.8209696604507664 0
1761537090568 0.8209696604507664 0
1761537090568 0.8209696604507664 0
1761537090568 0.8209696604507664 0
1761537090568 0.8209696604507664 0
1761537090568 0.8209696604507664 0
1761537090568 0.8209696604507664 0
1761537090568 0.8209696604507664 0
1761537090568 0.8209696604507664 0
1761537090568 0.8209696604507664 0
1761537090568 0.8209696604507664 0
1761537090568 0.8209696604507664 0
1761537090568 0.8209696604507664 0
1761537090568 0.8209696604507664 0
1761537090568 0.8209696604507664 0
1761537090568 0.8209696604507664 0
1761537090568 0.8209696604507664 0
1761537090568 0.8209696604507664 0
1761537090568 0.8209696604507664 0
1761537090568 0.8209696604507664 0
1761537090568 0.8209696604507664 0
1761537090568 0.8209696604507664 0
1761537090568 0.8209696604507664 0
1761537090568 0.8209696604507664 0
1761537090568 0.8209696604507664 0
1761537090568 0.8209696604507664 0
1761537090568 0.8209696604507664 0
1761537090568 0.8209696604507664 0
1761537090568 0.8209696604507664 0
1761537090568 0.8209696604507664 0
1761537090568 0.8209696604507664 0
1761537090568 0.8209696604507664 0
1761537090568 0.8209696604507664 0
1761537090568 0.8209696604507664 0
1761537090568 0.8209696604507664 0
1761537090568 0.8209696604507664 0
1761537090568 0.8209696604507664 0
1761537090568 0.8209696604507664 0
1761537090568 0.8209696604507664 0
1761537090568 0.8209696604507664 0
1761537090568 0.8209696604507664 0
1761537090568 0.8209696604507664 0
1761537090568 0.8209696604507664 0
1761537090568 0.8209696604507664 0
1761537090568 0.8209696604507664 0
1761537090568 0.8209696604507664 0
1761537090568 0.8209696604507664 0
1761537090568 0.8209696604507664 0
1761537090568 0.8209696604507664 0
1761537090568 0.8209696604507664 0
1761537090568 0.8209696604507664 0
