1761538085427 0.04996669895584707 0 af44c5e44ab243249f04fa40efcb4655
1761538085427 0.04996669895584707 0 af44c5e44ab243249f04fa40efcb4655
1761538085427 0.04996669895584707 0 af44c5e44ab243249f04fa40efcb4655
1761538085427 0.04996669895584707 0 af44c5e44ab243249f04fa40efcb4655
1761538085427 0.04996669895584707 0 af44c5e44ab243249f04fa40efcb4655
1761538085427 0.04996669895584707 0 af44c5e44ab243249f04fa40efcb4655
1761538085427 0.04996669895584707 0 af44c5e44ab243249f04fa40efcb4655
1761538085427 0.04996669895584707 0 af44c5e44ab243249f04fa40efcb4655
1761538085427 0.04996669895584707 0 af44c5e44ab243249f04fa40efcb4655
1761538085427 0.04996669895584707 0 af44c5e44ab243249f04fa40efcb4655
1761538085427 0.04996669895584707 0 af44c5e44ab243249f04fa40efcb4655
1761538085427 0.04996669895584707 0 af44c5e44ab243249f04fa40efcb4655
1761538085427 0.04996669895584707 0 af44c5e44ab243249f04fa40efcb4655
1761538085427 0.04996669895584707 0 af44c5e44ab243249f04fa40efcb4655
1761538085427 0.04996669895584707 0 af44c5e44ab243249f04fa40efcb4655
1761538085427 0.04996669895584707 0 af44c5e44ab243249f04fa40efcb4655
