1761538091992 0.13125703125000002 0 af44c5e44ab243249f04fa40efcb4655
1761538091992 0.13125703125000002 0 af44c5e44ab243249f04fa40efcb4655
1761538091992 0.13125703125000002 0 af44c5e44ab243249f04fa40efcb4655
1761538091992 0.13125703125000002 0 af44c5e44ab243249f04fa40efcb4655
1761538091992 0.13125703125000002 0 af44c5e44ab243249f04fa40efcb4655
1761538091992 0.13125703125000002 0 af44c5e44ab243249f04fa40efcb4655
1761538091992 0.13125703125000002 0 af44c5e44ab243249f04fa40efcb4655
1761538091992 0.13125703125000002 0 af44c5e44ab243249f04fa40efcb4655
1761538091992 0.13125703125000002 0 af44c5e44ab243249f04fa40efcb4655
1761538091992 0.13125703125000002 0 af44c5e44ab243249f04fa40efcb4655
1761538091992 0.13125703125000002 0 af44c5e44ab243249f04fa40efcb4655
1761538091992 0.13125703125000002 0 af44c5e44ab243249f04fa40efcb4655
1761538091992 0.13125703125000002 0 af44c5e44ab243249f04fa40efcb4655
1761538091992 0.13125703125000002 0 af44c5e44ab243249f04fa40efcb4655
1761538091992 0.13125703125000002 0 af44c5e44ab243249f04fa40efcb4655
1761538091992 0.13125703125000002 0 af44c5e44ab243249f04fa40efcb4655
