1761538085436 0.004623164797208136 0 af44c5e44ab243249f04fa40efcb4655
1761538085436 0.004623164797208136 0 af44c5e44ab243249f04fa40efcb4655
1761538085436 0.004623164797208136 0 af44c5e44ab243249f04fa40efcb4655
1761538085436 0.004623164797208136 0 af44c5e44ab243249f04fa40efcb4655
1761538085436 0.004623164797208136 0 af44c5e44ab243249f04fa40efcb4655
1761538085436 0.004623164797208136 0 af44c5e44ab243249f04fa40efcb4655
1761538085436 0.004623164797208136 0 af44c5e44ab243249f04fa40efcb4655
1761538085436 0.004623164797208136 0 af44c5e44ab243249f04fa40efcb4655
1761538085436 0.004623164797208136 0 af44c5e44ab243249f04fa40efcb4655
1761538085436 0.004623164797208136 0 af44c5e44ab243249f04fa40efcb4655
1761538085436 0.004623164797208136 0 af44c5e44ab243249f04fa40efcb4655
1761538085436 0.004623164797208136 0 af44c5e44ab243249f04fa40efcb4655
1761538085436 0.004623164797208136 0 af44c5e44ab243249f04fa40efcb4655
1761538085436 0.004623164797208136 0 af44c5e44ab243249f04fa40efcb4655
1761538085436 0.004623164797208136 0 af44c5e44ab243249f04fa40efcb4655
1761538085436 0.004623164797208136 0 af44c5e44ab243249f04fa40efcb4655
1761538085436 0.004623164797208136 0 af44c5e44ab243249f04fa40efcb4655
1761538085436 0.004623164797208136 0 af44c5e44ab243249f04fa40efcb4655
1761538085436 0.004623164797208136 0 af44c5e44ab243249f04fa40efcb4655
1761538085436 0.004623164797208136 0 af44c5e44ab243249f04fa40efcb4655
1761538085436 0.004623164797208136 0 af44c5e44ab243249f04fa40efcb4655
1761538085436 0.004623164797208136 0 af44c5e44ab243249f04fa40efcb4655
1761538085436 0.004623164797208136 0 af44c5e44ab243249f04fa40efcb4655
1761538085436 0.004623164797208136 0 af44c5e44ab243249f04fa40efcb4655
1761538085436 0.004623164797208136 0 af44c5e44ab243249f04fa40efcb4655
1761538085436 0.004623164797208136 0 af44c5e44ab243249f04fa40efcb4655
1761538085436 0.004623164797208136 0 af44c5e44ab243249f04fa40efcb4655
1761538085436 0.004623164797208136 0 af44c5e44ab243249f04fa40efcb4655
1761538085436 0.004623164797208136 0 af44c5e44ab243249f04fa40efcb4655
1761538085436 0.004623164797208136 0 af44c5e44ab243249f04fa40efcb4655
1761538085436 0.004623164797208136 0 af44c5e44ab243249f04fa40efcb4655
1761538085436 0.004623164797208136 0 af44c5e44ab243249f04fa40efcb4655
