1761537750553 0.005128749999999999 0
1761537750553 0.005128749999999999 0
1761537750553 0.005128749999999999 0
1761537750553 0.005128749999999999 0
1761537750553 0.005128749999999999 0
1761537750553 0.005128749999999999 0
1761537750553 0.005128749999999999 0
1761537750553 0.005128749999999999 0
1761537750553 0.005128749999999999 0
1761537750553 0.005128749999999999 0
1761537750553 0.005128749999999999 0
1761537750553 0.005128749999999999 0
1761537750553 0.005128749999999999 0
1761537750553 0.005128749999999999 0
1761537750553 0.005128749999999999 0
1761537750553 0.005128749999999999 0
