1761537750553 0.07161529166316366 0
1761537750553 0.07161529166316366 0
1761537750553 0.07161529166316366 0
1761537750553 0.07161529166316366 0
1761537750553 0.07161529166316366 0
1761537750553 0.07161529166316366 0
1761537750553 0.07161529166316366 0
1761537750553 0.07161529166316366 0
1761537750553 0.07161529166316366 0
1761537750553 0.07161529166316366 0
1761537750553 0.07161529166316366 0
1761537750553 0.07161529166316366 0
1761537750553 0.07161529166316366 0
1761537750553 0.07161529166316366 0
1761537750553 0.07161529166316366 0
1761537750553 0.07161529166316366 0
