1761537750553 0.048874999999999995 0
1761537750553 0.048874999999999995 0
1761537750553 0.048874999999999995 0
1761537750553 0.048874999999999995 0
1761537750553 0.048874999999999995 0
1761537750553 0.048874999999999995 0
1761537750553 0.048874999999999995 0
1761537750553 0.048874999999999995 0
1761537750553 0.048874999999999995 0
1761537750553 0.048874999999999995 0
1761537750553 0.048874999999999995 0
1761537750553 0.048874999999999995 0
1761537750553 0.048874999999999995 0
1761537750553 0.048874999999999995 0
1761537750553 0.048874999999999995 0
1761537750553 0.048874999999999995 0
