1761537750569 0.801391061266598 0
1761537750569 0.801391061266598 0
1761537750569 0.801391061266598 0
1761537750569 0.801391061266598 0
1761537750569 0.801391061266598 0
1761537750569 0.801391061266598 0
1761537750569 0.801391061266598 0
1761537750569 0.801391061266598 0
1761537750569 0.801391061266598 0
1761537750569 0.801391061266598 0
1761537750569 0.801391061266598 0
1761537750569 0.801391061266598 0
1761537750569 0.801391061266598 0
1761537750569 0.801391061266598 0
1761537750569 0.801391061266598 0
1761537750569 0.801391061266598 0
