1761537743354 0.13125703125000002 0
1761537743354 0.13125703125000002 0
1761537743354 0.13125703125000002 0
1761537743354 0.13125703125000002 0
1761537743354 0.13125703125000002 0
1761537743354 0.13125703125000002 0
1761537743354 0.13125703125000002 0
1761537743354 0.13125703125000002 0
1761537743354 0.13125703125000002 0
1761537743354 0.13125703125000002 0
1761537743354 0.13125703125000002 0
1761537743354 0.13125703125000002 0
1761537743354 0.13125703125000002 0
1761537743354 0.13125703125000002 0
1761537743354 0.13125703125000002 0
1761537743354 0.13125703125000002 0
1761537743354 0.13125703125000002 0
1761537743354 0.13125703125000002 0
1761537743354 0.13125703125000002 0
1761537743354 0.13125703125000002 0
1761537743354 0.13125703125000002 0
1761537743354 0.13125703125000002 0
1761537743354 0.13125703125000002 0
1761537743354 0.13125703125000002 0
1761537743354 0.13125703125000002 0
1761537743354 0.13125703125000002 0
1761537743354 0.13125703125000002 0
1761537743354 0.13125703125000002 0
1761537743354 0.13125703125000002 0
1761537743354 0.13125703125000002 0
1761537743354 0.13125703125000002 0
1761537743354 0.13125703125000002 0
