1761537743387 -0.0008395756627810336 0
1761537743387 -0.0008395756627810336 0
1761537743387 -0.0008395756627810336 0
1761537743387 -0.0008395756627810336 0
1761537743387 -0.0008395756627810336 0
1761537743387 -0.0008395756627810336 0
1761537743387 -0.0008395756627810336 0
1761537743387 -0.0008395756627810336 0
1761537743387 -0.0008395756627810336 0
1761537743387 -0.0008395756627810336 0
1761537743387 -0.0008395756627810336 0
1761537743387 -0.0008395756627810336 0
1761537743387 -0.0008395756627810336 0
1761537743387 -0.0008395756627810336 0
1761537743387 -0.0008395756627810336 0
1761537743387 -0.0008395756627810336 0
1761537743387 -0.0008395756627810336 0
1761537743387 -0.0008395756627810336 0
1761537743387 -0.0008395756627810336 0
1761537743387 -0.0008395756627810336 0
1761537743387 -0.0008395756627810336 0
1761537743387 -0.0008395756627810336 0
1761537743387 -0.0008395756627810336 0
1761537743387 -0.0008395756627810336 0
1761537743387 -0.0008395756627810336 0
1761537743387 -0.0008395756627810336 0
1761537743387 -0.0008395756627810336 0
1761537743387 -0.0008395756627810336 0
1761537743387 -0.0008395756627810336 0
1761537743387 -0.0008395756627810336 0
1761537743387 -0.0008395756627810336 0
1761537743387 -0.0008395756627810336 0
