1761537736660 0.06799385852566492 0
1761537736660 0.06799385852566492 0
1761537736660 0.06799385852566492 0
1761537736660 0.06799385852566492 0
1761537736660 0.06799385852566492 0
1761537736660 0.06799385852566492 0
1761537736660 0.06799385852566492 0
1761537736660 0.06799385852566492 0
1761537736660 0.06799385852566492 0
1761537736660 0.06799385852566492 0
1761537736660 0.06799385852566492 0
1761537736660 0.06799385852566492 0
1761537736660 0.06799385852566492 0
1761537736660 0.06799385852566492 0
1761537736660 0.06799385852566492 0
1761537736660 0.06799385852566492 0
1761537736660 0.06799385852566492 0
1761537736660 0.06799385852566492 0
1761537736660 0.06799385852566492 0
1761537736660 0.06799385852566492 0
1761537736660 0.06799385852566492 0
1761537736660 0.06799385852566492 0
1761537736660 0.06799385852566492 0
1761537736660 0.06799385852566492 0
1761537736660 0.06799385852566492 0
1761537736660 0.06799385852566492 0
1761537736660 0.06799385852566492 0
1761537736660 0.06799385852566492 0
1761537736660 0.06799385852566492 0
1761537736660 0.06799385852566492 0
1761537736660 0.06799385852566492 0
1761537736660 0.06799385852566492 0
1761537736660 0.06799385852566492 0
1761537736660 0.06799385852566492 0
1761537736660 0.06799385852566492 0
1761537736660 0.06799385852566492 0
1761537736660 0.06799385852566492 0
1761537736660 0.06799385852566492 0
1761537736660 0.06799385852566492 0
1761537736660 0.06799385852566492 0
1761537736660 0.06799385852566492 0
1761537736660 0.06799385852566492 0
1761537736660 0.06799385852566492 0
1761537736660 0.06799385852566492 0
1761537736660 0.06799385852566492 0
1761537736660 0.06799385852566492 0
1761537736660 0.06799385852566492 0
1761537736660 0.06799385852566492 0
1761537736660 0.06799385852566492 0
1761537736660 0.06799385852566492 0
1761537736660 0.06799385852566492 0
1761537736660 0.06799385852566492 0
1761537736660 0.06799385852566492 0
1761537736660 0.06799385852566492 0
1761537736660 0.06799385852566492 0
1761537736660 0.06799385852566492 0
1761537736660 0.06799385852566492 0
1761537736660 0.06799385852566492 0
1761537736660 0.06799385852566492 0
1761537736660 0.06799385852566492 0
1761537736660 0.06799385852566492 0
1761537736660 0.06799385852566492 0
1761537736660 0.06799385852566492 0
1761537736660 0.06799385852566492 0
