1761537736638 0.04996669895584707 0
1761537736638 0.04996669895584707 0
1761537736638 0.04996669895584707 0
1761537736638 0.04996669895584707 0
1761537736638 0.04996669895584707 0
1761537736638 0.04996669895584707 0
1761537736638 0.04996669895584707 0
1761537736638 0.04996669895584707 0
1761537736638 0.04996669895584707 0
1761537736638 0.04996669895584707 0
1761537736638 0.04996669895584707 0
1761537736638 0.04996669895584707 0
1761537736638 0.04996669895584707 0
1761537736638 0.04996669895584707 0
1761537736638 0.04996669895584707 0
1761537736638 0.04996669895584707 0
1761537736638 0.04996669895584707 0
1761537736638 0.04996669895584707 0
1761537736638 0.04996669895584707 0
1761537736638 0.04996669895584707 0
1761537736638 0.04996669895584707 0
1761537736638 0.04996669895584707 0
1761537736638 0.04996669895584707 0
1761537736638 0.04996669895584707 0
1761537736638 0.04996669895584707 0
1761537736638 0.04996669895584707 0
1761537736638 0.04996669895584707 0
1761537736638 0.04996669895584707 0
1761537736638 0.04996669895584707 0
1761537736638 0.04996669895584707 0
1761537736638 0.04996669895584707 0
1761537736638 0.04996669895584707 0
1761537736638 0.04996669895584707 0
1761537736638 0.04996669895584707 0
1761537736638 0.04996669895584707 0
1761537736638 0.04996669895584707 0
1761537736638 0.04996669895584707 0
1761537736638 0.04996669895584707 0
1761537736638 0.04996669895584707 0
1761537736638 0.04996669895584707 0
1761537736638 0.04996669895584707 0
1761537736638 0.04996669895584707 0
1761537736638 0.04996669895584707 0
1761537736638 0.04996669895584707 0
1761537736638 0.04996669895584707 0
1761537736638 0.04996669895584707 0
1761537736638 0.04996669895584707 0
1761537736638 0.04996669895584707 0
1761537736638 0.04996669895584707 0
1761537736638 0.04996669895584707 0
1761537736638 0.04996669895584707 0
1761537736638 0.04996669895584707 0
1761537736638 0.04996669895584707 0
1761537736638 0.04996669895584707 0
1761537736638 0.04996669895584707 0
1761537736638 0.04996669895584707 0
1761537736638 0.04996669895584707 0
1761537736638 0.04996669895584707 0
1761537736638 0.04996669895584707 0
1761537736638 0.04996669895584707 0
1761537736638 0.04996669895584707 0
1761537736638 0.04996669895584707 0
1761537736638 0.04996669895584707 0
1761537736638 0.04996669895584707 0
