1761537736665 0.8209696604507664 0
1761537736665 0.8209696604507664 0
1761537736665 0.8209696604507664 0
1761537736665 0.8209696604507664 0
1761537736665 0.8209696604507664 0
1761537736665 0.8209696604507664 0
1761537736665 0.8209696604507664 0
1761537736665 0.8209696604507664 0
1761537736665 0.8209696604507664 0
1761537736665 0.8209696604507664 0
1761537736665 0.8209696604507664 0
1761537736665 0.8209696604507664 0
1761537736665 0.8209696604507664 0
1761537736665 0.8209696604507664 0
1761537736665 0.8209696604507664 0
1761537736665 0.8209696604507664 0
1761537736665 0.8209696604507664 0
1761537736665 0.8209696604507664 0
1761537736665 0.8209696604507664 0
1761537736665 0.8209696604507664 0
1761537736665 0.8209696604507664 0
1761537736665 0.8209696604507664 0
1761537736665 0.8209696604507664 0
1761537736665 0.8209696604507664 0
1761537736665 0.8209696604507664 0
1761537736665 0.8209696604507664 0
1761537736665 0.8209696604507664 0
1761537736665 0.8209696604507664 0
1761537736665 0.8209696604507664 0
1761537736665 0.8209696604507664 0
1761537736665 0.8209696604507664 0
1761537736665 0.8209696604507664 0
1761537736665 0.8209696604507664 0
1761537736665 0.8209696604507664 0
1761537736665 0.8209696604507664 0
1761537736665 0.8209696604507664 0
1761537736665 0.8209696604507664 0
1761537736665 0.8209696604507664 0
1761537736665 0.8209696604507664 0
1761537736665 0.8209696604507664 0
1761537736665 0.8209696604507664 0
1761537736665 0.8209696604507664 0
1761537736665 0.8209696604507664 0
1761537736665 0.8209696604507664 0
1761537736665 0.8209696604507664 0
1761537736665 0.8209696604507664 0
1761537736665 0.8209696604507664 0
1761537736665 0.8209696604507664 0
1761537736665 0.8209696604507664 0
1761537736665 0.8209696604507664 0
1761537736665 0.8209696604507664 0
1761537736665 0.8209696604507664 0
1761537736665 0.8209696604507664 0
1761537736665 0.8209696604507664 0
1761537736665 0.8209696604507664 0
1761537736665 0.8209696604507664 0
1761537736665 0.8209696604507664 0
1761537736665 0.8209696604507664 0
1761537736665 0.8209696604507664 0
1761537736665 0.8209696604507664 0
1761537736665 0.8209696604507664 0
1761537736665 0.8209696604507664 0
1761537736665 0.8209696604507664 0
1761537736665 0.8209696604507664 0
