1761537736653 0.004623164797208136 0
1761537736653 0.004623164797208136 0
1761537736653 0.004623164797208136 0
1761537736653 0.004623164797208136 0
1761537736653 0.004623164797208136 0
1761537736653 0.004623164797208136 0
1761537736653 0.004623164797208136 0
1761537736653 0.004623164797208136 0
1761537736653 0.004623164797208136 0
1761537736653 0.004623164797208136 0
1761537736653 0.004623164797208136 0
1761537736653 0.004623164797208136 0
1761537736653 0.004623164797208136 0
1761537736653 0.004623164797208136 0
1761537736653 0.004623164797208136 0
1761537736653 0.004623164797208136 0
1761537736653 0.004623164797208136 0
1761537736653 0.004623164797208136 0
1761537736653 0.004623164797208136 0
1761537736653 0.004623164797208136 0
1761537736653 0.004623164797208136 0
1761537736653 0.004623164797208136 0
1761537736653 0.004623164797208136 0
1761537736653 0.004623164797208136 0
1761537736653 0.004623164797208136 0
1761537736653 0.004623164797208136 0
1761537736653 0.004623164797208136 0
1761537736653 0.004623164797208136 0
1761537736653 0.004623164797208136 0
1761537736653 0.004623164797208136 0
1761537736653 0.004623164797208136 0
1761537736653 0.004623164797208136 0
1761537736653 0.004623164797208136 0
1761537736653 0.004623164797208136 0
1761537736653 0.004623164797208136 0
1761537736653 0.004623164797208136 0
1761537736653 0.004623164797208136 0
1761537736653 0.004623164797208136 0
1761537736653 0.004623164797208136 0
1761537736653 0.004623164797208136 0
1761537736653 0.004623164797208136 0
1761537736653 0.004623164797208136 0
1761537736653 0.004623164797208136 0
1761537736653 0.004623164797208136 0
1761537736653 0.004623164797208136 0
1761537736653 0.004623164797208136 0
1761537736653 0.004623164797208136 0
1761537736653 0.004623164797208136 0
1761537736653 0.004623164797208136 0
1761537736653 0.004623164797208136 0
1761537736653 0.004623164797208136 0
1761537736653 0.004623164797208136 0
1761537736653 0.004623164797208136 0
1761537736653 0.004623164797208136 0
1761537736653 0.004623164797208136 0
1761537736653 0.004623164797208136 0
1761537736653 0.004623164797208136 0
1761537736653 0.004623164797208136 0
1761537736653 0.004623164797208136 0
1761537736653 0.004623164797208136 0
1761537736653 0.004623164797208136 0
1761537736653 0.004623164797208136 0
1761537736653 0.004623164797208136 0
1761537736653 0.004623164797208136 0
