1761538099273 0.005128749999999999 0
1761538099273 0.005128749999999999 0
1761538099273 0.005128749999999999 0
1761538099273 0.005128749999999999 0
1761538099273 0.005128749999999999 0
1761538099273 0.005128749999999999 0
1761538099273 0.005128749999999999 0
1761538099273 0.005128749999999999 0
1761538099273 0.005128749999999999 0
1761538099273 0.005128749999999999 0
1761538099273 0.005128749999999999 0
1761538099273 0.005128749999999999 0
1761538099273 0.005128749999999999 0
1761538099273 0.005128749999999999 0
1761538099273 0.005128749999999999 0
1761538099273 0.005128749999999999 0
