1761538099255 0.048874999999999995 0
1761538099255 0.048874999999999995 0
1761538099255 0.048874999999999995 0
1761538099255 0.048874999999999995 0
1761538099255 0.048874999999999995 0
1761538099255 0.048874999999999995 0
1761538099255 0.048874999999999995 0
1761538099255 0.048874999999999995 0
1761538099255 0.048874999999999995 0
1761538099255 0.048874999999999995 0
1761538099255 0.048874999999999995 0
1761538099255 0.048874999999999995 0
1761538099255 0.048874999999999995 0
1761538099255 0.048874999999999995 0
1761538099255 0.048874999999999995 0
1761538099255 0.048874999999999995 0
