1761538099291 0.07161529166316366 0
1761538099291 0.07161529166316366 0
1761538099291 0.07161529166316366 0
1761538099291 0.07161529166316366 0
1761538099291 0.07161529166316366 0
1761538099291 0.07161529166316366 0
1761538099291 0.07161529166316366 0
1761538099291 0.07161529166316366 0
1761538099291 0.07161529166316366 0
1761538099291 0.07161529166316366 0
1761538099291 0.07161529166316366 0
1761538099291 0.07161529166316366 0
1761538099291 0.07161529166316366 0
1761538099291 0.07161529166316366 0
1761538099291 0.07161529166316366 0
1761538099291 0.07161529166316366 0
