1761538099305 0.801391061266598 0
1761538099305 0.801391061266598 0
1761538099305 0.801391061266598 0
1761538099305 0.801391061266598 0
1761538099305 0.801391061266598 0
1761538099305 0.801391061266598 0
1761538099305 0.801391061266598 0
1761538099305 0.801391061266598 0
1761538099305 0.801391061266598 0
1761538099305 0.801391061266598 0
1761538099305 0.801391061266598 0
1761538099305 0.801391061266598 0
1761538099305 0.801391061266598 0
1761538099305 0.801391061266598 0
1761538099305 0.801391061266598 0
1761538099305 0.801391061266598 0
