1761538092002 0.16076392642338175 0
1761538092002 0.16076392642338175 0
1761538092002 0.16076392642338175 0
1761538092002 0.16076392642338175 0
1761538092002 0.16076392642338175 0
1761538092002 0.16076392642338175 0
1761538092002 0.16076392642338175 0
1761538092002 0.16076392642338175 0
1761538092002 0.16076392642338175 0
1761538092002 0.16076392642338175 0
1761538092002 0.16076392642338175 0
1761538092002 0.16076392642338175 0
1761538092002 0.16076392642338175 0
1761538092002 0.16076392642338175 0
1761538092002 0.16076392642338175 0
1761538092002 0.16076392642338175 0
1761538092002 0.16076392642338175 0
1761538092002 0.16076392642338175 0
1761538092002 0.16076392642338175 0
1761538092002 0.16076392642338175 0
1761538092002 0.16076392642338175 0
1761538092002 0.16076392642338175 0
1761538092002 0.16076392642338175 0
1761538092002 0.16076392642338175 0
1761538092002 0.16076392642338175 0
1761538092002 0.16076392642338175 0
1761538092002 0.16076392642338175 0
1761538092002 0.16076392642338175 0
1761538092002 0.16076392642338175 0
1761538092002 0.16076392642338175 0
1761538092002 0.16076392642338175 0
1761538092002 0.16076392642338175 0
