1761538092013 -0.0008395756627810336 0
1761538092013 -0.0008395756627810336 0
1761538092013 -0.0008395756627810336 0
1761538092013 -0.0008395756627810336 0
1761538092013 -0.0008395756627810336 0
1761538092013 -0.0008395756627810336 0
1761538092013 -0.0008395756627810336 0
1761538092013 -0.0008395756627810336 0
1761538092013 -0.0008395756627810336 0
1761538092013 -0.0008395756627810336 0
1761538092013 -0.0008395756627810336 0
1761538092013 -0.0008395756627810336 0
1761538092013 -0.0008395756627810336 0
1761538092013 -0.0008395756627810336 0
1761538092013 -0.0008395756627810336 0
1761538092013 -0.0008395756627810336 0
1761538092013 -0.0008395756627810336 0
1761538092013 -0.0008395756627810336 0
1761538092013 -0.0008395756627810336 0
1761538092013 -0.0008395756627810336 0
1761538092013 -0.0008395756627810336 0
1761538092013 -0.0008395756627810336 0
1761538092013 -0.0008395756627810336 0
1761538092013 -0.0008395756627810336 0
1761538092013 -0.0008395756627810336 0
1761538092013 -0.0008395756627810336 0
1761538092013 -0.0008395756627810336 0
1761538092013 -0.0008395756627810336 0
1761538092013 -0.0008395756627810336 0
1761538092013 -0.0008395756627810336 0
1761538092013 -0.0008395756627810336 0
1761538092013 -0.0008395756627810336 0
