1761538091992 0.0258450400390625 0
1761538091992 0.0258450400390625 0
1761538091992 0.0258450400390625 0
1761538091992 0.0258450400390625 0
1761538091992 0.0258450400390625 0
1761538091992 0.0258450400390625 0
1761538091992 0.0258450400390625 0
1761538091992 0.0258450400390625 0
1761538091992 0.0258450400390625 0
1761538091992 0.0258450400390625 0
1761538091992 0.0258450400390625 0
1761538091992 0.0258450400390625 0
1761538091992 0.0258450400390625 0
1761538091992 0.0258450400390625 0
1761538091992 0.0258450400390625 0
1761538091992 0.0258450400390625 0
1761538091992 0.0258450400390625 0
1761538091992 0.0258450400390625 0
1761538091992 0.0258450400390625 0
1761538091992 0.0258450400390625 0
1761538091992 0.0258450400390625 0
1761538091992 0.0258450400390625 0
1761538091992 0.0258450400390625 0
1761538091992 0.0258450400390625 0
1761538091992 0.0258450400390625 0
1761538091992 0.0258450400390625 0
1761538091992 0.0258450400390625 0
1761538091992 0.0258450400390625 0
1761538091992 0.0258450400390625 0
1761538091992 0.0258450400390625 0
1761538091992 0.0258450400390625 0
1761538091992 0.0258450400390625 0
