1761538091992 0.13125703125000002 0
1761538091992 0.13125703125000002 0
1761538091992 0.13125703125000002 0
1761538091992 0.13125703125000002 0
1761538091992 0.13125703125000002 0
1761538091992 0.13125703125000002 0
1761538091992 0.13125703125000002 0
1761538091992 0.13125703125000002 0
1761538091992 0.13125703125000002 0
1761538091992 0.13125703125000002 0
1761538091992 0.13125703125000002 0
1761538091992 0.13125703125000002 0
1761538091992 0.13125703125000002 0
1761538091992 0.13125703125000002 0
1761538091992 0.13125703125000002 0
1761538091992 0.13125703125000002 0
1761538091992 0.13125703125000002 0
1761538091992 0.13125703125000002 0
1761538091992 0.13125703125000002 0
1761538091992 0.13125703125000002 0
1761538091992 0.13125703125000002 0
1761538091992 0.13125703125000002 0
1761538091992 0.13125703125000002 0
1761538091992 0.13125703125000002 0
1761538091992 0.13125703125000002 0
1761538091992 0.13125703125000002 0
1761538091992 0.13125703125000002 0
1761538091992 0.13125703125000002 0
1761538091992 0.13125703125000002 0
1761538091992 0.13125703125000002 0
1761538091992 0.13125703125000002 0
1761538091992 0.13125703125000002 0
