1761538085446 0.06799385852566492 0
1761538085446 0.06799385852566492 0
1761538085446 0.06799385852566492 0
1761538085446 0.06799385852566492 0
1761538085446 0.06799385852566492 0
1761538085446 0.06799385852566492 0
1761538085446 0.06799385852566492 0
1761538085446 0.06799385852566492 0
1761538085446 0.06799385852566492 0
1761538085446 0.06799385852566492 0
1761538085446 0.06799385852566492 0
1761538085446 0.06799385852566492 0
1761538085446 0.06799385852566492 0
1761538085446 0.06799385852566492 0
1761538085446 0.06799385852566492 0
1761538085446 0.06799385852566492 0
1761538085446 0.06799385852566492 0
1761538085446 0.06799385852566492 0
1761538085446 0.06799385852566492 0
1761538085446 0.06799385852566492 0
1761538085446 0.06799385852566492 0
1761538085446 0.06799385852566492 0
1761538085446 0.06799385852566492 0
1761538085446 0.06799385852566492 0
1761538085446 0.06799385852566492 0
1761538085446 0.06799385852566492 0
1761538085446 0.06799385852566492 0
1761538085446 0.06799385852566492 0
1761538085446 0.06799385852566492 0
1761538085446 0.06799385852566492 0
1761538085446 0.06799385852566492 0
1761538085446 0.06799385852566492 0
1761538085446 0.06799385852566492 0
1761538085446 0.06799385852566492 0
1761538085446 0.06799385852566492 0
1761538085446 0.06799385852566492 0
1761538085446 0.06799385852566492 0
1761538085446 0.06799385852566492 0
1761538085446 0.06799385852566492 0
1761538085446 0.06799385852566492 0
1761538085446 0.06799385852566492 0
1761538085446 0.06799385852566492 0
1761538085446 0.06799385852566492 0
1761538085446 0.06799385852566492 0
1761538085446 0.06799385852566492 0
1761538085446 0.06799385852566492 0
1761538085446 0.06799385852566492 0
1761538085446 0.06799385852566492 0
1761538085446 0.06799385852566492 0
1761538085446 0.06799385852566492 0
1761538085446 0.06799385852566492 0
1761538085446 0.06799385852566492 0
1761538085446 0.06799385852566492 0
1761538085446 0.06799385852566492 0
1761538085446 0.06799385852566492 0
1761538085446 0.06799385852566492 0
1761538085446 0.06799385852566492 0
1761538085446 0.06799385852566492 0
1761538085446 0.06799385852566492 0
1761538085446 0.06799385852566492 0
1761538085446 0.06799385852566492 0
1761538085446 0.06799385852566492 0
1761538085446 0.06799385852566492 0
1761538085446 0.06799385852566492 0
