1761538085453 0.8209696604507664 0
1761538085453 0.8209696604507664 0
1761538085453 0.8209696604507664 0
1761538085453 0.8209696604507664 0
1761538085453 0.8209696604507664 0
1761538085453 0.8209696604507664 0
1761538085453 0.8209696604507664 0
1761538085453 0.8209696604507664 0
1761538085453 0.8209696604507664 0
1761538085453 0.8209696604507664 0
1761538085453 0.8209696604507664 0
1761538085453 0.8209696604507664 0
1761538085453 0.8209696604507664 0
1761538085453 0.8209696604507664 0
1761538085453 0.8209696604507664 0
1761538085453 0.8209696604507664 0
1761538085453 0.8209696604507664 0
1761538085453 0.8209696604507664 0
1761538085453 0.8209696604507664 0
1761538085453 0.8209696604507664 0
1761538085453 0.8209696604507664 0
1761538085453 0.8209696604507664 0
1761538085453 0.8209696604507664 0
1761538085453 0.8209696604507664 0
1761538085453 0.8209696604507664 0
1761538085453 0.8209696604507664 0
1761538085453 0.8209696604507664 0
1761538085453 0.8209696604507664 0
1761538085453 0.8209696604507664 0
1761538085453 0.8209696604507664 0
1761538085453 0.8209696604507664 0
1761538085453 0.8209696604507664 0
1761538085453 0.8209696604507664 0
1761538085453 0.8209696604507664 0
1761538085453 0.8209696604507664 0
1761538085453 0.8209696604507664 0
1761538085453 0.8209696604507664 0
1761538085453 0.8209696604507664 0
1761538085453 0.8209696604507664 0
1761538085453 0.8209696604507664 0
1761538085453 0.8209696604507664 0
1761538085453 0.8209696604507664 0
1761538085453 0.8209696604507664 0
1761538085453 0.8209696604507664 0
1761538085453 0.8209696604507664 0
1761538085453 0.8209696604507664 0
1761538085453 0.8209696604507664 0
1761538085453 0.8209696604507664 0
1761538085453 0.8209696604507664 0
1761538085453 0.8209696604507664 0
1761538085453 0.8209696604507664 0
1761538085453 0.8209696604507664 0
1761538085453 0.8209696604507664 0
1761538085453 0.8209696604507664 0
1761538085453 0.8209696604507664 0
1761538085453 0.8209696604507664 0
1761538085453 0.8209696604507664 0
1761538085453 0.8209696604507664 0
1761538085453 0.8209696604507664 0
1761538085453 0.8209696604507664 0
1761538085453 0.8209696604507664 0
1761538085453 0.8209696604507664 0
1761538085453 0.8209696604507664 0
1761538085453 0.8209696604507664 0
