1761538085427 0.04996669895584707 0
1761538085427 0.04996669895584707 0
1761538085427 0.04996669895584707 0
1761538085427 0.04996669895584707 0
1761538085427 0.04996669895584707 0
1761538085427 0.04996669895584707 0
1761538085427 0.04996669895584707 0
1761538085427 0.04996669895584707 0
1761538085427 0.04996669895584707 0
1761538085427 0.04996669895584707 0
1761538085427 0.04996669895584707 0
1761538085427 0.04996669895584707 0
1761538085427 0.04996669895584707 0
1761538085427 0.04996669895584707 0
1761538085427 0.04996669895584707 0
1761538085427 0.04996669895584707 0
1761538085427 0.04996669895584707 0
1761538085427 0.04996669895584707 0
1761538085427 0.04996669895584707 0
1761538085427 0.04996669895584707 0
1761538085427 0.04996669895584707 0
1761538085427 0.04996669895584707 0
1761538085427 0.04996669895584707 0
1761538085427 0.04996669895584707 0
1761538085427 0.04996669895584707 0
1761538085427 0.04996669895584707 0
1761538085427 0.04996669895584707 0
1761538085427 0.04996669895584707 0
1761538085427 0.04996669895584707 0
1761538085427 0.04996669895584707 0
1761538085427 0.04996669895584707 0
1761538085427 0.04996669895584707 0
1761538085427 0.04996669895584707 0
1761538085427 0.04996669895584707 0
1761538085427 0.04996669895584707 0
1761538085427 0.04996669895584707 0
1761538085427 0.04996669895584707 0
1761538085427 0.04996669895584707 0
1761538085427 0.04996669895584707 0
1761538085427 0.04996669895584707 0
1761538085427 0.04996669895584707 0
1761538085427 0.04996669895584707 0
1761538085427 0.04996669895584707 0
1761538085427 0.04996669895584707 0
1761538085427 0.04996669895584707 0
1761538085427 0.04996669895584707 0
1761538085427 0.04996669895584707 0
1761538085427 0.04996669895584707 0
1761538085427 0.04996669895584707 0
1761538085427 0.04996669895584707 0
1761538085427 0.04996669895584707 0
1761538085427 0.04996669895584707 0
1761538085427 0.04996669895584707 0
1761538085427 0.04996669895584707 0
1761538085427 0.04996669895584707 0
1761538085427 0.04996669895584707 0
1761538085427 0.04996669895584707 0
1761538085427 0.04996669895584707 0
1761538085427 0.04996669895584707 0
1761538085427 0.04996669895584707 0
1761538085427 0.04996669895584707 0
1761538085427 0.04996669895584707 0
1761538085427 0.04996669895584707 0
1761538085427 0.04996669895584707 0
