1761538085436 0.004623164797208136 0
1761538085436 0.004623164797208136 0
1761538085436 0.004623164797208136 0
1761538085436 0.004623164797208136 0
1761538085436 0.004623164797208136 0
1761538085436 0.004623164797208136 0
1761538085436 0.004623164797208136 0
1761538085436 0.004623164797208136 0
1761538085436 0.004623164797208136 0
1761538085436 0.004623164797208136 0
1761538085436 0.004623164797208136 0
1761538085436 0.004623164797208136 0
1761538085436 0.004623164797208136 0
1761538085436 0.004623164797208136 0
1761538085436 0.004623164797208136 0
1761538085436 0.004623164797208136 0
1761538085436 0.004623164797208136 0
1761538085436 0.004623164797208136 0
1761538085436 0.004623164797208136 0
1761538085436 0.004623164797208136 0
1761538085436 0.004623164797208136 0
1761538085436 0.004623164797208136 0
1761538085436 0.004623164797208136 0
1761538085436 0.004623164797208136 0
1761538085436 0.004623164797208136 0
1761538085436 0.004623164797208136 0
1761538085436 0.004623164797208136 0
1761538085436 0.004623164797208136 0
1761538085436 0.004623164797208136 0
1761538085436 0.004623164797208136 0
1761538085436 0.004623164797208136 0
1761538085436 0.004623164797208136 0
1761538085436 0.004623164797208136 0
1761538085436 0.004623164797208136 0
1761538085436 0.004623164797208136 0
1761538085436 0.004623164797208136 0
1761538085436 0.004623164797208136 0
1761538085436 0.004623164797208136 0
1761538085436 0.004623164797208136 0
1761538085436 0.004623164797208136 0
1761538085436 0.004623164797208136 0
1761538085436 0.004623164797208136 0
1761538085436 0.004623164797208136 0
1761538085436 0.004623164797208136 0
1761538085436 0.004623164797208136 0
1761538085436 0.004623164797208136 0
1761538085436 0.004623164797208136 0
1761538085436 0.004623164797208136 0
1761538085436 0.004623164797208136 0
1761538085436 0.004623164797208136 0
1761538085436 0.004623164797208136 0
1761538085436 0.004623164797208136 0
1761538085436 0.004623164797208136 0
1761538085436 0.004623164797208136 0
1761538085436 0.004623164797208136 0
1761538085436 0.004623164797208136 0
1761538085436 0.004623164797208136 0
1761538085436 0.004623164797208136 0
1761538085436 0.004623164797208136 0
1761538085436 0.004623164797208136 0
1761538085436 0.004623164797208136 0
1761538085436 0.004623164797208136 0
1761538085436 0.004623164797208136 0
1761538085436 0.004623164797208136 0
