1761537729304 0.04994339166543285 0 df6d99d3be8a4412a93a90ed94c2d6f7
1761537729304 0.04994339166543285 0 df6d99d3be8a4412a93a90ed94c2d6f7
1761537729304 0.04994339166543285 0 df6d99d3be8a4412a93a90ed94c2d6f7
1761537729304 0.04994339166543285 0 df6d99d3be8a4412a93a90ed94c2d6f7
1761537729304 0.04994339166543285 0 df6d99d3be8a4412a93a90ed94c2d6f7
1761537729304 0.04994339166543285 0 df6d99d3be8a4412a93a90ed94c2d6f7
1761537729304 0.04994339166543285 0 df6d99d3be8a4412a93a90ed94c2d6f7
1761537729304 0.04994339166543285 0 df6d99d3be8a4412a93a90ed94c2d6f7
1761537729304 0.04994339166543285 0 df6d99d3be8a4412a93a90ed94c2d6f7
1761537729304 0.04994339166543285 0 df6d99d3be8a4412a93a90ed94c2d6f7
1761537729304 0.04994339166543285 0 df6d99d3be8a4412a93a90ed94c2d6f7
1761537729304 0.04994339166543285 0 df6d99d3be8a4412a93a90ed94c2d6f7
1761537729304 0.04994339166543285 0 df6d99d3be8a4412a93a90ed94c2d6f7
1761537729304 0.04994339166543285 0 df6d99d3be8a4412a93a90ed94c2d6f7
1761537729304 0.04994339166543285 0 df6d99d3be8a4412a93a90ed94c2d6f7
1761537729304 0.04994339166543285 0 df6d99d3be8a4412a93a90ed94c2d6f7
1761537729304 0.04994339166543285 0 df6d99d3be8a4412a93a90ed94c2d6f7
1761537729304 0.04994339166543285 0 df6d99d3be8a4412a93a90ed94c2d6f7
1761537729304 0.04994339166543285 0 df6d99d3be8a4412a93a90ed94c2d6f7
1761537729304 0.04994339166543285 0 df6d99d3be8a4412a93a90ed94c2d6f7
1761537729304 0.04994339166543285 0 df6d99d3be8a4412a93a90ed94c2d6f7
1761537729304 0.04994339166543285 0 df6d99d3be8a4412a93a90ed94c2d6f7
1761537729304 0.04994339166543285 0 df6d99d3be8a4412a93a90ed94c2d6f7
1761537729304 0.04994339166543285 0 df6d99d3be8a4412a93a90ed94c2d6f7
1761537729304 0.04994339166543285 0 df6d99d3be8a4412a93a90ed94c2d6f7
1761537729304 0.04994339166543285 0 df6d99d3be8a4412a93a90ed94c2d6f7
1761537729304 0.04994339166543285 0 df6d99d3be8a4412a93a90ed94c2d6f7
1761537729304 0.04994339166543285 0 df6d99d3be8a4412a93a90ed94c2d6f7
1761537729304 0.04994339166543285 0 df6d99d3be8a4412a93a90ed94c2d6f7
1761537729304 0.04994339166543285 0 df6d99d3be8a4412a93a90ed94c2d6f7
1761537729304 0.04994339166543285 0 df6d99d3be8a4412a93a90ed94c2d6f7
1761537729304 0.04994339166543285 0 df6d99d3be8a4412a93a90ed94c2d6f7
