1761537729338 0.06794550952582494 0 df6d99d3be8a4412a93a90ed94c2d6f7
1761537729338 0.06794550952582494 0 df6d99d3be8a4412a93a90ed94c2d6f7
1761537729338 0.06794550952582494 0 df6d99d3be8a4412a93a90ed94c2d6f7
1761537729338 0.06794550952582494 0 df6d99d3be8a4412a93a90ed94c2d6f7
1761537729338 0.06794550952582494 0 df6d99d3be8a4412a93a90ed94c2d6f7
1761537729338 0.06794550952582494 0 df6d99d3be8a4412a93a90ed94c2d6f7
1761537729338 0.06794550952582494 0 df6d99d3be8a4412a93a90ed94c2d6f7
1761537729338 0.06794550952582494 0 df6d99d3be8a4412a93a90ed94c2d6f7
1761537729338 0.06794550952582494 0 df6d99d3be8a4412a93a90ed94c2d6f7
1761537729338 0.06794550952582494 0 df6d99d3be8a4412a93a90ed94c2d6f7
1761537729338 0.06794550952582494 0 df6d99d3be8a4412a93a90ed94c2d6f7
1761537729338 0.06794550952582494 0 df6d99d3be8a4412a93a90ed94c2d6f7
1761537729338 0.06794550952582494 0 df6d99d3be8a4412a93a90ed94c2d6f7
1761537729338 0.06794550952582494 0 df6d99d3be8a4412a93a90ed94c2d6f7
1761537729338 0.06794550952582494 0 df6d99d3be8a4412a93a90ed94c2d6f7
1761537729338 0.06794550952582494 0 df6d99d3be8a4412a93a90ed94c2d6f7
1761537729338 0.06794550952582494 0 df6d99d3be8a4412a93a90ed94c2d6f7
1761537729338 0.06794550952582494 0 df6d99d3be8a4412a93a90ed94c2d6f7
1761537729338 0.06794550952582494 0 df6d99d3be8a4412a93a90ed94c2d6f7
1761537729338 0.06794550952582494 0 df6d99d3be8a4412a93a90ed94c2d6f7
1761537729338 0.06794550952582494 0 df6d99d3be8a4412a93a90ed94c2d6f7
1761537729338 0.06794550952582494 0 df6d99d3be8a4412a93a90ed94c2d6f7
1761537729338 0.06794550952582494 0 df6d99d3be8a4412a93a90ed94c2d6f7
1761537729338 0.06794550952582494 0 df6d99d3be8a4412a93a90ed94c2d6f7
1761537729338 0.06794550952582494 0 df6d99d3be8a4412a93a90ed94c2d6f7
1761537729338 0.06794550952582494 0 df6d99d3be8a4412a93a90ed94c2d6f7
1761537729338 0.06794550952582494 0 df6d99d3be8a4412a93a90ed94c2d6f7
1761537729338 0.06794550952582494 0 df6d99d3be8a4412a93a90ed94c2d6f7
1761537729338 0.06794550952582494 0 df6d99d3be8a4412a93a90ed94c2d6f7
1761537729338 0.06794550952582494 0 df6d99d3be8a4412a93a90ed94c2d6f7
1761537729338 0.06794550952582494 0 df6d99d3be8a4412a93a90ed94c2d6f7
1761537729338 0.06794550952582494 0 df6d99d3be8a4412a93a90ed94c2d6f7
