1761537736653 0.004623164797208136 0 df6d99d3be8a4412a93a90ed94c2d6f7
1761537736653 0.004623164797208136 0 df6d99d3be8a4412a93a90ed94c2d6f7
1761537736653 0.004623164797208136 0 df6d99d3be8a4412a93a90ed94c2d6f7
1761537736653 0.004623164797208136 0 df6d99d3be8a4412a93a90ed94c2d6f7
1761537736653 0.004623164797208136 0 df6d99d3be8a4412a93a90ed94c2d6f7
1761537736653 0.004623164797208136 0 df6d99d3be8a4412a93a90ed94c2d6f7
1761537736653 0.004623164797208136 0 df6d99d3be8a4412a93a90ed94c2d6f7
1761537736653 0.004623164797208136 0 df6d99d3be8a4412a93a90ed94c2d6f7
1761537736653 0.004623164797208136 0 df6d99d3be8a4412a93a90ed94c2d6f7
1761537736653 0.004623164797208136 0 df6d99d3be8a4412a93a90ed94c2d6f7
1761537736653 0.004623164797208136 0 df6d99d3be8a4412a93a90ed94c2d6f7
1761537736653 0.004623164797208136 0 df6d99d3be8a4412a93a90ed94c2d6f7
1761537736653 0.004623164797208136 0 df6d99d3be8a4412a93a90ed94c2d6f7
1761537736653 0.004623164797208136 0 df6d99d3be8a4412a93a90ed94c2d6f7
1761537736653 0.004623164797208136 0 df6d99d3be8a4412a93a90ed94c2d6f7
1761537736653 0.004623164797208136 0 df6d99d3be8a4412a93a90ed94c2d6f7
