1761537078134 0.004616592264723968 0 ab5ba3722c1a4df4ade9312446556116
1761537078134 0.004616592264723968 0 ab5ba3722c1a4df4ade9312446556116
1761537078134 0.004616592264723968 0 ab5ba3722c1a4df4ade9312446556116
1761537078134 0.004616592264723968 0 ab5ba3722c1a4df4ade9312446556116
1761537078134 0.004616592264723968 0 ab5ba3722c1a4df4ade9312446556116
1761537078134 0.004616592264723968 0 ab5ba3722c1a4df4ade9312446556116
1761537078134 0.004616592264723968 0 ab5ba3722c1a4df4ade9312446556116
1761537078134 0.004616592264723968 0 ab5ba3722c1a4df4ade9312446556116
1761537078134 0.004616592264723968 0 ab5ba3722c1a4df4ade9312446556116
1761537078134 0.004616592264723968 0 ab5ba3722c1a4df4ade9312446556116
1761537078134 0.004616592264723968 0 ab5ba3722c1a4df4ade9312446556116
1761537078134 0.004616592264723968 0 ab5ba3722c1a4df4ade9312446556116
1761537078134 0.004616592264723968 0 ab5ba3722c1a4df4ade9312446556116
1761537078134 0.004616592264723968 0 ab5ba3722c1a4df4ade9312446556116
1761537078134 0.004616592264723968 0 ab5ba3722c1a4df4ade9312446556116
1761537078134 0.004616592264723968 0 ab5ba3722c1a4df4ade9312446556116
1761537078134 0.004616592264723968 0 ab5ba3722c1a4df4ade9312446556116
1761537078134 0.004616592264723968 0 ab5ba3722c1a4df4ade9312446556116
1761537078134 0.004616592264723968 0 ab5ba3722c1a4df4ade9312446556116
1761537078134 0.004616592264723968 0 ab5ba3722c1a4df4ade9312446556116
1761537078134 0.004616592264723968 0 ab5ba3722c1a4df4ade9312446556116
1761537078134 0.004616592264723968 0 ab5ba3722c1a4df4ade9312446556116
1761537078134 0.004616592264723968 0 ab5ba3722c1a4df4ade9312446556116
1761537078134 0.004616592264723968 0 ab5ba3722c1a4df4ade9312446556116
1761537078134 0.004616592264723968 0 ab5ba3722c1a4df4ade9312446556116
1761537078134 0.004616592264723968 0 ab5ba3722c1a4df4ade9312446556116
1761537078134 0.004616592264723968 0 ab5ba3722c1a4df4ade9312446556116
1761537078134 0.004616592264723968 0 ab5ba3722c1a4df4ade9312446556116
1761537078134 0.004616592264723968 0 ab5ba3722c1a4df4ade9312446556116
1761537078134 0.004616592264723968 0 ab5ba3722c1a4df4ade9312446556116
1761537078134 0.004616592264723968 0 ab5ba3722c1a4df4ade9312446556116
1761537078134 0.004616592264723968 0 ab5ba3722c1a4df4ade9312446556116
