1761537078134 0.04994339166543285 0 ab5ba3722c1a4df4ade9312446556116
1761537078134 0.04994339166543285 0 ab5ba3722c1a4df4ade9312446556116
1761537078134 0.04994339166543285 0 ab5ba3722c1a4df4ade9312446556116
1761537078134 0.04994339166543285 0 ab5ba3722c1a4df4ade9312446556116
1761537078134 0.04994339166543285 0 ab5ba3722c1a4df4ade9312446556116
1761537078134 0.04994339166543285 0 ab5ba3722c1a4df4ade9312446556116
1761537078134 0.04994339166543285 0 ab5ba3722c1a4df4ade9312446556116
1761537078134 0.04994339166543285 0 ab5ba3722c1a4df4ade9312446556116
1761537078134 0.04994339166543285 0 ab5ba3722c1a4df4ade9312446556116
1761537078134 0.04994339166543285 0 ab5ba3722c1a4df4ade9312446556116
1761537078134 0.04994339166543285 0 ab5ba3722c1a4df4ade9312446556116
1761537078134 0.04994339166543285 0 ab5ba3722c1a4df4ade9312446556116
1761537078134 0.04994339166543285 0 ab5ba3722c1a4df4ade9312446556116
1761537078134 0.04994339166543285 0 ab5ba3722c1a4df4ade9312446556116
1761537078134 0.04994339166543285 0 ab5ba3722c1a4df4ade9312446556116
1761537078134 0.04994339166543285 0 ab5ba3722c1a4df4ade9312446556116
1761537078134 0.04994339166543285 0 ab5ba3722c1a4df4ade9312446556116
1761537078134 0.04994339166543285 0 ab5ba3722c1a4df4ade9312446556116
1761537078134 0.04994339166543285 0 ab5ba3722c1a4df4ade9312446556116
1761537078134 0.04994339166543285 0 ab5ba3722c1a4df4ade9312446556116
1761537078134 0.04994339166543285 0 ab5ba3722c1a4df4ade9312446556116
1761537078134 0.04994339166543285 0 ab5ba3722c1a4df4ade9312446556116
1761537078134 0.04994339166543285 0 ab5ba3722c1a4df4ade9312446556116
1761537078134 0.04994339166543285 0 ab5ba3722c1a4df4ade9312446556116
1761537078134 0.04994339166543285 0 ab5ba3722c1a4df4ade9312446556116
1761537078134 0.04994339166543285 0 ab5ba3722c1a4df4ade9312446556116
1761537078134 0.04994339166543285 0 ab5ba3722c1a4df4ade9312446556116
1761537078134 0.04994339166543285 0 ab5ba3722c1a4df4ade9312446556116
1761537078134 0.04994339166543285 0 ab5ba3722c1a4df4ade9312446556116
1761537078134 0.04994339166543285 0 ab5ba3722c1a4df4ade9312446556116
1761537078134 0.04994339166543285 0 ab5ba3722c1a4df4ade9312446556116
1761537078134 0.04994339166543285 0 ab5ba3722c1a4df4ade9312446556116
