1761537090563 0.04996669895584707 0 ab5ba3722c1a4df4ade9312446556116
1761537090563 0.04996669895584707 0 ab5ba3722c1a4df4ade9312446556116
1761537090563 0.04996669895584707 0 ab5ba3722c1a4df4ade9312446556116
1761537090563 0.04996669895584707 0 ab5ba3722c1a4df4ade9312446556116
1761537090563 0.04996669895584707 0 ab5ba3722c1a4df4ade9312446556116
1761537090563 0.04996669895584707 0 ab5ba3722c1a4df4ade9312446556116
1761537090563 0.04996669895584707 0 ab5ba3722c1a4df4ade9312446556116
1761537090563 0.04996669895584707 0 ab5ba3722c1a4df4ade9312446556116
1761537090563 0.04996669895584707 0 ab5ba3722c1a4df4ade9312446556116
1761537090563 0.04996669895584707 0 ab5ba3722c1a4df4ade9312446556116
1761537090563 0.04996669895584707 0 ab5ba3722c1a4df4ade9312446556116
1761537090563 0.04996669895584707 0 ab5ba3722c1a4df4ade9312446556116
1761537090563 0.04996669895584707 0 ab5ba3722c1a4df4ade9312446556116
1761537090563 0.04996669895584707 0 ab5ba3722c1a4df4ade9312446556116
1761537090563 0.04996669895584707 0 ab5ba3722c1a4df4ade9312446556116
1761537090563 0.04996669895584707 0 ab5ba3722c1a4df4ade9312446556116
