1761537729315 0.004616592264723968 0 df6d99d3be8a4412a93a90ed94c2d6f7
1761537729315 0.004616592264723968 0 df6d99d3be8a4412a93a90ed94c2d6f7
1761537729315 0.004616592264723968 0 df6d99d3be8a4412a93a90ed94c2d6f7
1761537729315 0.004616592264723968 0 df6d99d3be8a4412a93a90ed94c2d6f7
1761537729315 0.004616592264723968 0 df6d99d3be8a4412a93a90ed94c2d6f7
1761537729315 0.004616592264723968 0 df6d99d3be8a4412a93a90ed94c2d6f7
1761537729315 0.004616592264723968 0 df6d99d3be8a4412a93a90ed94c2d6f7
1761537729315 0.004616592264723968 0 df6d99d3be8a4412a93a90ed94c2d6f7
1761537729315 0.004616592264723968 0 df6d99d3be8a4412a93a90ed94c2d6f7
1761537729315 0.004616592264723968 0 df6d99d3be8a4412a93a90ed94c2d6f7
1761537729315 0.004616592264723968 0 df6d99d3be8a4412a93a90ed94c2d6f7
1761537729315 0.004616592264723968 0 df6d99d3be8a4412a93a90ed94c2d6f7
1761537729315 0.004616592264723968 0 df6d99d3be8a4412a93a90ed94c2d6f7
1761537729315 0.004616592264723968 0 df6d99d3be8a4412a93a90ed94c2d6f7
1761537729315 0.004616592264723968 0 df6d99d3be8a4412a93a90ed94c2d6f7
1761537729315 0.004616592264723968 0 df6d99d3be8a4412a93a90ed94c2d6f7
1761537729315 0.004616592264723968 0 df6d99d3be8a4412a93a90ed94c2d6f7
1761537729315 0.004616592264723968 0 df6d99d3be8a4412a93a90ed94c2d6f7
1761537729315 0.004616592264723968 0 df6d99d3be8a4412a93a90ed94c2d6f7
1761537729315 0.004616592264723968 0 df6d99d3be8a4412a93a90ed94c2d6f7
1761537729315 0.004616592264723968 0 df6d99d3be8a4412a93a90ed94c2d6f7
1761537729315 0.004616592264723968 0 df6d99d3be8a4412a93a90ed94c2d6f7
1761537729315 0.004616592264723968 0 df6d99d3be8a4412a93a90ed94c2d6f7
1761537729315 0.004616592264723968 0 df6d99d3be8a4412a93a90ed94c2d6f7
1761537729315 0.004616592264723968 0 df6d99d3be8a4412a93a90ed94c2d6f7
1761537729315 0.004616592264723968 0 df6d99d3be8a4412a93a90ed94c2d6f7
1761537729315 0.004616592264723968 0 df6d99d3be8a4412a93a90ed94c2d6f7
1761537729315 0.004616592264723968 0 df6d99d3be8a4412a93a90ed94c2d6f7
1761537729315 0.004616592264723968 0 df6d99d3be8a4412a93a90ed94c2d6f7
1761537729315 0.004616592264723968 0 df6d99d3be8a4412a93a90ed94c2d6f7
1761537729315 0.004616592264723968 0 df6d99d3be8a4412a93a90ed94c2d6f7
1761537729315 0.004616592264723968 0 df6d99d3be8a4412a93a90ed94c2d6f7
1761537729315 0.004616592264723968 0 df6d99d3be8a4412a93a90ed94c2d6f7
1761537729315 0.004616592264723968 0 df6d99d3be8a4412a93a90ed94c2d6f7
1761537729315 0.004616592264723968 0 df6d99d3be8a4412a93a90ed94c2d6f7
1761537729315 0.004616592264723968 0 df6d99d3be8a4412a93a90ed94c2d6f7
1761537729315 0.004616592264723968 0 df6d99d3be8a4412a93a90ed94c2d6f7
1761537729315 0.004616592264723968 0 df6d99d3be8a4412a93a90ed94c2d6f7
1761537729315 0.004616592264723968 0 df6d99d3be8a4412a93a90ed94c2d6f7
1761537729315 0.004616592264723968 0 df6d99d3be8a4412a93a90ed94c2d6f7
1761537729315 0.004616592264723968 0 df6d99d3be8a4412a93a90ed94c2d6f7
1761537729315 0.004616592264723968 0 df6d99d3be8a4412a93a90ed94c2d6f7
1761537729315 0.004616592264723968 0 df6d99d3be8a4412a93a90ed94c2d6f7
1761537729315 0.004616592264723968 0 df6d99d3be8a4412a93a90ed94c2d6f7
1761537729315 0.004616592264723968 0 df6d99d3be8a4412a93a90ed94c2d6f7
1761537729315 0.004616592264723968 0 df6d99d3be8a4412a93a90ed94c2d6f7
1761537729315 0.004616592264723968 0 df6d99d3be8a4412a93a90ed94c2d6f7
1761537729315 0.004616592264723968 0 df6d99d3be8a4412a93a90ed94c2d6f7
1761537729315 0.004616592264723968 0 df6d99d3be8a4412a93a90ed94c2d6f7
1761537729315 0.004616592264723968 0 df6d99d3be8a4412a93a90ed94c2d6f7
1761537729315 0.004616592264723968 0 df6d99d3be8a4412a93a90ed94c2d6f7
1761537729315 0.004616592264723968 0 df6d99d3be8a4412a93a90ed94c2d6f7
1761537729315 0.004616592264723968 0 df6d99d3be8a4412a93a90ed94c2d6f7
1761537729315 0.004616592264723968 0 df6d99d3be8a4412a93a90ed94c2d6f7
1761537729315 0.004616592264723968 0 df6d99d3be8a4412a93a90ed94c2d6f7
1761537729315 0.004616592264723968 0 df6d99d3be8a4412a93a90ed94c2d6f7
1761537729315 0.004616592264723968 0 df6d99d3be8a4412a93a90ed94c2d6f7
1761537729315 0.004616592264723968 0 df6d99d3be8a4412a93a90ed94c2d6f7
1761537729315 0.004616592264723968 0 df6d99d3be8a4412a93a90ed94c2d6f7
1761537729315 0.004616592264723968 0 df6d99d3be8a4412a93a90ed94c2d6f7
1761537729315 0.004616592264723968 0 df6d99d3be8a4412a93a90ed94c2d6f7
1761537729315 0.004616592264723968 0 df6d99d3be8a4412a93a90ed94c2d6f7
1761537729315 0.004616592264723968 0 df6d99d3be8a4412a93a90ed94c2d6f7
1761537729315 0.004616592264723968 0 df6d99d3be8a4412a93a90ed94c2d6f7
