1761537534514 -0.0008395756627810336 0 313f10f7a4c1403788963cea01620581
1761537534514 -0.0008395756627810336 0 313f10f7a4c1403788963cea01620581
1761537534514 -0.0008395756627810336 0 313f10f7a4c1403788963cea01620581
1761537534514 -0.0008395756627810336 0 313f10f7a4c1403788963cea01620581
1761537534514 -0.0008395756627810336 0 313f10f7a4c1403788963cea01620581
1761537534514 -0.0008395756627810336 0 313f10f7a4c1403788963cea01620581
1761537534514 -0.0008395756627810336 0 313f10f7a4c1403788963cea01620581
1761537534514 -0.0008395756627810336 0 313f10f7a4c1403788963cea01620581
1761537534514 -0.0008395756627810336 0 313f10f7a4c1403788963cea01620581
1761537534514 -0.0008395756627810336 0 313f10f7a4c1403788963cea01620581
1761537534514 -0.0008395756627810336 0 313f10f7a4c1403788963cea01620581
1761537534514 -0.0008395756627810336 0 313f10f7a4c1403788963cea01620581
1761537534514 -0.0008395756627810336 0 313f10f7a4c1403788963cea01620581
1761537534514 -0.0008395756627810336 0 313f10f7a4c1403788963cea01620581
1761537534514 -0.0008395756627810336 0 313f10f7a4c1403788963cea01620581
1761537534514 -0.0008395756627810336 0 313f10f7a4c1403788963cea01620581
